{
  "A": [
    [
      [
        24.0,
        35.4711796939373,
        24.122406125068665,
        25.24481236934662,
        23.0,
        24.34688737988472,
        11.935173951089382,
        17.367115557193756,
        6.988666646182537,
        9.709043838083744,
        -6.421462036669254,
        1.4500076472759247,
        -4.7643105909228325,
        -5.5928863026201725,
        3.521447032690048,
        10.97862844914198,
        2.692871328443289,
        -6.007174164056778,
        0.0,
        0.0,
        0.09875847754301503,
        0.5417214441113174,
        -3.8918781807878986,
        -2.350897278636694,
        0.0,
        0.0,
        0.0,
        0.0,
        0.0,
        0.0,
        2.0573327171150595,
        2.065566271485295,
        -0.2625714536407031,
        0.43182945235457737,
        1.2568213028134778,
        -0.3990332902758382,
        0.0,
        0.0,
        0.0,
        0.0,
        66.84569019079208,
        24.122406125068665,
        0.0,
        0.011897864751517773,
        0.0,
        0.0,
        0.0
      ],
      [
        35.4711796939373,
        56.704368765653044,
        37.29216662270751,
        39.113153743884396,
        35.4711796939373,
        37.656364057922225,
        18.30916417905288,
        26.936960944190684,
        10.76608983125879,
        14.930144415731496,
        -9.906263658866985,
        2.236898385163296,
        -7.349808589551326,
        -8.628036103356262,
        5.432467329896512,
        16.93651498302215,
        4.154239831133426,
        -9.267149883123842,
        0.0,
        0.0,
        -0.4819595480029242,
        0.4974625250366922,
        -5.676612021283804,
        -3.6515090857214823,
        0.0,
        0.0,
        0.0,
        0.0,
        0.0,
        0.0,
        3.117567454933355,
        3.0279468559222433,
        -0.7718153491083175,
        0.7047467570603044,
        1.9460105663935598,
        -0.1551426292184792,
        0.0,
        0.0,
        0.0,
        0.0,
        103.09110824002462,
        37.29216662270751,
        0.0,
        0.023443226200903777,
        0.0,
        0.0,
        0.0
      ],
      [
        24.122406125068665,
        37.29216662270751,
        26.30768451884363,
        26.492963038415585,
        24.122406125068665,
        25.544740229170163,
        12.508833048662343,
        18.228401601263105,
        7.328634720316188,
        10.178942871528001,
        -6.7350941693945545,
        1.5208278106887725,
        -4.9970054009520615,
        -5.866049773126505,
        3.6934388521601647,
        11.514838214499509,
        2.8243944881195153,
        -6.300571966356609,
        0.0,
        0.0,
        0.04649392293186058,
        0.5377381072857363,
        -4.052504260373693,
        -2.4679523527663183,
        0.0,
        0.0,
        0.0,
        0.0,
        0.0,
        0.0,
        2.1527538565461146,
        2.1521805281480697,
        -0.30840338860422634,
        0.45639201368660587,
        1.3188483315185695,
        -0.3770830813564723,
        0.0,
        0.0,
        0.0,
        0.0,
        70.10777767750437,
        25.30768451884363,
        0.0,
        0.012936947636546514,
        0.0,
        0.0,
        0.0
      ],
      [
        25.24481236934662,
        39.113153743884396,
        26.492963038415585,
        28.741113839869413,
        25.24481236934662,
        26.742593205570216,
        13.082492206762153,
        19.089687741904594,
        7.66860282739404,
        10.648841953347642,
        -7.0487263354273715,
        1.591647981622674,
        -5.22970023569332,
        -6.139213272642612,
        3.8654306898956947,
        12.051048036802149,
        2.9559176617634115,
        -6.593969799815084,
        0.0,
        0.0,
        -0.005770792442789413,
        0.5337548434227979,
        -4.2131303047563495,
        -2.5850074289828853,
        0.0,
        0.0,
        0.0,
        0.0,
        0.0,
        0.0,
        2.2481749954547467,
        2.238794754585134,
        -0.35423537734682076,
        0.48095451623088326,
        1.3808754121573668,
        -0.35513293514250954,
        0.0,
        0.0,
        0.0,
        0.0,
        73.36986551067866,
        26.492963038415585,
        0.0,
        0.013976029103239251,
        0.0,
        0.0,
        0.0
      ],
      [
        23.0,
        35.4711796939373,
        24.122406125068665,
        25.24481236934662,
        24.0,
        24.34688737988472,
        11.935173951089382,
        17.367115557193756,
        6.988666646182537,
        9.709043838083744,
        -6.421462036669254,
        1.4500076472759247,
        -4.7643105909228325,
        -5.5928863026201725,
        3.521447032690048,
        10.97862844914198,
        2.692871328443289,
        -6.007174164056778,
        0.0,
        0.0,
        0.09875847754301503,
        0.5417214441113174,
        -3.8918781807878986,
        -2.350897278636694,
        0.0,
        0.0,
        0.0,
        0.0,
        0.0,
        0.0,
        2.0573327171150595,
        2.065566271485295,
        -0.2625714536407031,
        0.43182945235457737,
        1.2568213028134778,
        -0.3990332902758382,
        0.0,
        0.0,
        0.0,
        0.0,
        66.84569019079208,
        24.122406125068665,
        0.0,
        0.011897864751517773,
        0.0,
        0.0,
        0.0
      ],
      [
        24.34688737988472,
        37.656364057922225,
        25.544740229170163,
        26.742593205570216,
        24.34688737988472,
        26.784310830952695,
        12.623564883059423,
        18.40065883515726,
        7.396628342967377,
        10.272922690034264,
        -6.797820604270455,
        1.5349918452525004,
        -5.043544369138855,
        -5.920682474483668,
        3.727837220622714,
        11.622080181814066,
        2.850699123548339,
        -6.3592515346099425,
        0.0,
        0.0,
        0.036040969759334046,
        0.5369415316370794,
        -4.084629430131042,
        -2.491363306357691,
        0.0,
        0.0,
        0.0,
        0.0,
        0.0,
        0.0,
        2.171838097032035,
        2.1695034261115866,
        -0.31756978050741047,
        0.4613045112873875,
        1.3312537615071462,
        -0.37269309820349394,
        0.0,
        0.0,
        0.0,
        0.0,
        70.76019526146233,
        25.544740229170163,
        0.0,
        0.01314476364621786,
        0.0,
        0.0,
        0.0
      ],
      [
        11.935173951089382,
        18.30916417905288,
        12.508833048662343,
        13.082492206762153,
        11.935173951089382,
        12.623564883059423,
        7.203225381580462,
        8.993951036346745,
        3.629730722997159,
        5.043440758003752,
        -3.33194375983226,
        0.7523744444300626,
        -2.4720873309111044,
        -2.902015540004382,
        1.8271950224846405,
        5.696548908562654,
        1.3972668169459617,
        -3.1169796459817065,
        0.0,
        0.0,
        0.11392138988739797,
        0.31314242980939366,
        -2.0497330968631724,
        -1.2183150726736671,
        0.0,
        0.0,
        0.0,
        0.0,
        0.0,
        0.0,
        1.0733856823977028,
        1.0880625930172632,
        -0.0969662693948693,
        0.2235627199651825,
        0.6503472213157128,
        -0.25184174670845966,
        0.0,
        0.0,
        0.0,
        0.0,
        34.68760609470178,
        12.508833048662343,
        0.0,
        0.005822146965759473,
        0.0,
        0.0,
        0.0
      ],
      [
        17.367115557193756,
        26.936960944190684,
        18.228401601263105,
        19.089687741904594,
        17.367115557193756,
        18.40065883515726,
        8.993951036346745,
        14.174856311456054,
        5.252159994494438,
        7.313263765227279,
        -4.849241533642755,
        1.0949900918603823,
        -3.597824398064729,
        -4.223532955806222,
        2.659261567313793,
        8.290638602318749,
        2.0335530152326475,
        -4.536387241799467,
        0.0,
        0.0,
        -0.005794643907342981,
        0.3501599916783493,
        -2.8941778043803508,
        -1.7516205854691709,
        0.0,
        0.0,
        0.0,
        0.0,
        0.0,
        0.0,
        1.5412387868084172,
        1.5273156220061932,
        -0.2878551557012434,
        0.302353109752468,
        0.9557743795324027,
        -0.2558696394351737,
        0.0,
        0.0,
        0.0,
        0.0,
        50.4746446289189,
        18.228401601263105,
        0.0,
        0.008075260581510979,
        0.0,
        0.0,
        0.0
      ],
      [
        6.988666646182537,
        10.76608983125879,
        7.328634720316188,
        7.66860282739404,
        6.988666646182537,
        7.396628342967377,
        3.629730722997159,
        5.252159994494438,
        3.1378437208477976,
        2.957598852027102,
        -1.9511587827762449,
        0.44058426897243763,
        -1.4476339506216727,
        -1.699396364005392,
        1.069990333823088,
        3.335852054381766,
        0.8182279229814445,
        -1.8252775717961867,
        0.0,
        0.0,
        0.025250639686349954,
        0.17459011174367567,
        -1.1843741802093708,
        -0.7322926204849879,
        0.0,
        0.0,
        0.0,
        0.0,
        0.0,
        0.0,
        0.6280422629618511,
        0.6344929989715979,
        -0.05543596386199179,
        0.1482514460863208,
        0.3789680631296898,
        -0.10950071463112113,
        0.0,
        0.0,
        0.0,
        0.0,
        20.311401969977126,
        7.328634720316188,
        0.0,
        0.004589829628934561,
        0.0,
        0.0,
        0.0
      ],
      [
        9.709043838083744,
        14.930144415731496,
        10.178942871528001,
        10.648841953347642,
        9.709043838083744,
        10.272922690034264,
        5.043440758003752,
        7.313263765227279,
        2.957598852027102,
        5.103784298120398,
        -2.71057999498911,
        0.6120664888151933,
        -2.011075500691475,
        -2.3608277435969347,
        1.4864471406079818,
        4.6342173294336515,
        1.136694900846659,
        -2.5357038665734217,
        0.0,
        0.0,
        0.06413958180041504,
        0.24555035885261134,
        -1.6554712407330634,
        -0.9995663068294476,
        0.0,
        0.0,
        0.0,
        0.0,
        0.0,
        0.0,
        0.8719987250386312,
        0.8812613694933052,
        -0.08488551346698586,
        0.18949161795442743,
        0.5285529088977694,
        -0.1808544732716741,
        0.0,
        0.0,
        0.0,
        0.0,
        28.21772766633249,
        10.178942871528001,
        0.0,
        0.005308492681414534,
        0.0,
        0.0,
        0.0
      ],
      [
        -6.421462036669254,
        -9.906263658866985,
        -6.7350941693945545,
        -7.0487263354273715,
        -6.421462036669254,
        -6.797820604270455,
        -3.33194375983226,
        -4.849241533642755,
        -1.9511587827762449,
        -2.71057999498911,
        2.79284222790388,
        -0.4048353670817767,
        1.3301732791359124,
        1.5615077503890888,
        -0.9831715748466701,
        -3.065181819279519,
        -0.7518371056840344,
        1.6771749876174402,
        0.0,
        0.0,
        -0.025718861114175193,
        -0.15025694540847712,
        1.0856370209674377,
        0.656431963683886,
        0.0,
        0.0,
        0.0,
        0.0,
        0.0,
        0.0,
        -0.5742333119526,
        -0.5762329515827121,
        0.0743807020125774,
        -0.12067780449424359,
        -0.3509193379285379,
        0.11006245548580154,
        0.0,
        0.0,
        0.0,
        0.0,
        -18.66291573382782,
        -6.7350941693945545,
        0.0,
        -0.003336711330856057,
        0.0,
        0.0,
        0.0
      ],
      [
        1.4500076472759247,
        2.236898385163296,
        1.5208278106887725,
        1.591647981622674,
        1.4500076472759247,
        1.5349918452525004,
        0.7523744444300626,
        1.0949900918603823,
        0.44058426897243763,
        0.6120664888151933,
        -0.4048353670817767,
        1.0914144434403754,
        -0.3003617269607439,
        -0.3525985463143031,
        0.22200649851536108,
        0.6921378734096496,
        0.16976967963385914,
        -0.3787169563527717,
        0.0,
        0.0,
        0.005807483666600085,
        0.033928989291595074,
        -0.24514386043891984,
        -0.14822657605041323,
        0.0,
        0.0,
        0.0,
        0.0,
        0.0,
        0.0,
        0.1296655913965945,
        0.13011712902209593,
        -0.016795644522396,
        0.027249827319177633,
        0.07923985633552526,
        -0.02485281466995514,
        0.0,
        0.0,
        0.0,
        0.0,
        4.214207041945382,
        1.5208278106887725,
        0.0,
        0.0007534509342389806,
        0.0,
        0.0,
        0.0
      ],
      [
        -4.7643105909228325,
        -7.349808589551326,
        -4.9970054009520615,
        -5.22970023569332,
        -4.7643105909228325,
        -5.043544369138855,
        -2.4720873309111044,
        -3.597824398064729,
        -1.4476339506216727,
        -2.011075500691475,
        1.3301732791359124,
        -0.3003617269607439,
        1.9869027653347089,
        1.1585380199124533,
        -0.7294498853900975,
        -2.274167178930039,
        -0.557814632363401,
        1.24435564838973,
        0.0,
        0.0,
        -0.019081746009338242,
        -0.11148096014402809,
        0.8054726448699006,
        0.4870301558648238,
        0.0,
        0.0,
        0.0,
        0.0,
        0.0,
        0.0,
        -0.42604406959474744,
        -0.42752768479026115,
        0.055185685775599236,
        -0.08953515118263695,
        -0.260359510929314,
        0.0816592474431517,
        0.0,
        0.0,
        0.0,
        0.0,
        -13.846679553726055,
        -4.9970054009520615,
        0.0,
        -0.0024756244728863647,
        0.0,
        0.0,
        0.0
      ],
      [
        -5.5928863026201725,
        -8.628036103356262,
        -5.866049773126505,
        -6.139213272642612,
        -5.5928863026201725,
        -5.920682474483668,
        -2.902015540004382,
        -4.223532955806222,
        -1.699396364005392,
        -2.3608277435969347,
        1.5615077503890888,
        -0.3525985463143031,
        1.1585380199124533,
        2.3600228824239333,
        -0.856310728401488,
        -2.6696744937521024,
        -0.654825867710797,
        1.460765315074763,
        0.0,
        0.0,
        -0.02240030669998884,
        -0.13086896567879724,
        0.9455548366845435,
        0.5717310436898958,
        0.0,
        0.0,
        0.0,
        0.0,
        0.0,
        0.0,
        -0.5001386811288242,
        -0.5018803210433549,
        0.06478318699803526,
        -0.10510647884547643,
        -0.30563942996075094,
        0.09586084486242805,
        0.0,
        0.0,
        0.0,
        0.0,
        -16.25479761129612,
        -5.866049773126505,
        0.0,
        -0.0029061678132252106,
        0.0,
        0.0,
        0.0
      ],
      [
        3.521447032690048,
        5.432467329896512,
        3.6934388521601647,
        3.8654306898956947,
        3.521447032690048,
        3.727837220622714,
        1.8271950224846405,
        2.659261567313793,
        1.069990333823088,
        1.4864471406079818,
        -0.9831715748466701,
        0.22200649851536108,
        -0.7294498853900975,
        -0.856310728401488,
        1.5391586222936176,
        1.6809062111258952,
        0.4122977804286538,
        -0.9197411507855701,
        0.0,
        0.0,
        0.01410389535178349,
        0.0823989751866549,
        -0.5953493592904947,
        -0.35997882000149434,
        0.0,
        0.0,
        0.0,
        0.0,
        0.0,
        0.0,
        0.314902151541453,
        0.31599872964191356,
        -0.04078941645080142,
        0.06617815946949067,
        0.1924396417960151,
        -0.060356836391794,
        0.0,
        0.0,
        0.0,
        0.0,
        10.23450249443831,
        3.6934388521601647,
        0.0,
        0.0018298094623780958,
        0.0,
        0.0,
        0.0
      ],
      [
        10.97862844914198,
        16.93651498302215,
        11.514838214499509,
        12.051048036802149,
        10.97862844914198,
        11.622080181814066,
        5.696548908562654,
        8.290638602318749,
        3.335852054381766,
        4.6342173294336515,
        -3.065181819279519,
        0.6921378734096496,
        -2.274167178930039,
        -2.6696744937521024,
        1.6809062111258952,
        6.2404720499172575,
        1.2853988998779782,
        -2.867428153901638,
        0.0,
        0.0,
        0.04397098166627342,
        0.2568908991304707,
        -1.8560890686228158,
        -1.1222868440101395,
        0.0,
        0.0,
        0.0,
        0.0,
        0.0,
        0.0,
        0.9817536986899872,
        0.9851724640825414,
        -0.1271670093750481,
        0.2063201225720487,
        0.5999588605978723,
        -0.18817129527439025,
        0.0,
        0.0,
        0.0,
        0.0,
        31.907565045049704,
        11.514838214499509,
        0.0,
        0.00570469988001171,
        0.0,
        0.0,
        0.0
      ],
      [
        2.692871328443289,
        4.154239831133426,
        2.8243944881195153,
        2.9559176617634115,
        2.692871328443289,
        2.850699123548339,
        1.3972668169459617,
        2.0335530152326475,
        0.8182279229814445,
        1.136694900846659,
        -0.7518371056840344,
        0.16976967963385914,
        -0.557814632363401,
        -0.654825867710797,
        0.4122977804286538,
        1.2853988998779782,
        1.3152865459579357,
        -0.7033314860562032,
        0.0,
        0.0,
        0.010785330974697045,
        0.06301098310396344,
        -0.45526717312288933,
        -0.27527792742458485,
        0.0,
        0.0,
        0.0,
        0.0,
        0.0,
        0.0,
        0.240807528198676,
        0.24164609389666963,
        -0.031191909458122793,
        0.05060682768566506,
        0.1471597332044632,
        -0.04615522682394185,
        0.0,
        0.0,
        0.0,
        0.0,
        7.826384458522124,
        2.8243944881195153,
        0.0,
        0.0013992660333932497,
        0.0,
        0.0,
        0.0
      ],
      [
        -6.007174164056778,
        -9.267149883123842,
        -6.300571966356609,
        -6.593969799815084,
        -6.007174164056778,
        -6.3592515346099425,
        -3.1169796459817065,
        -4.536387241799467,
        -1.8252775717961867,
        -2.5357038665734217,
        1.6771749876174402,
        -0.3787169563527717,
        1.24435564838973,
        1.460765315074763,
        -0.9197411507855701,
        -2.867428153901638,
        -0.7033314860562032,
        2.568970149915703,
        0.0,
        0.0,
        -0.0240595807440704,
        -0.1405629436293433,
        1.0155959090132978,
        0.6140814956346357,
        0.0,
        0.0,
        0.0,
        0.0,
        0.0,
        0.0,
        -0.5371860034383473,
        -0.5390566396130174,
        0.06958195604391171,
        -0.11289215381465467,
        -0.3282793889581339,
        0.10296165351625383,
        0.0,
        0.0,
        0.0,
        0.0,
        -17.458856656321558,
        -6.300571966356609,
        0.0,
        -0.0031214394833946335,
        0.0,
        0.0,
        0.0
      ],
      [
        0.0,
        0.0,
        0.0,
        0.0,
        0.0,
        0.0,
        0.0,
        0.0,
        0.0,
        0.0,
        0.0,
        0.0,
        0.0,
        0.0,
        0.0,
        0.0,
        0.0,
        0.0,
        1.0,
        0.0,
        0.0,
        0.0,
        0.0,
        0.0,
        0.0,
        0.0,
        0.0,
        0.0,
        0.0,
        0.0,
        0.0,
        0.0,
        0.0,
        0.0,
        0.0,
        0.0,
        0.0,
        0.0,
        0.0,
        0.0,
        0.0,
        0.0,
        0.0,
        0.0,
        0.0,
        0.0,
        0.0
      ],
      [
        0.0,
        0.0,
        0.0,
        0.0,
        0.0,
        0.0,
        0.0,
        0.0,
        0.0,
        0.0,
        0.0,
        0.0,
        0.0,
        0.0,
        0.0,
        0.0,
        0.0,
        0.0,
        0.0,
        1.0,
        0.0,
        0.0,
        0.0,
        0.0,
        0.0,
        0.0,
        0.0,
        0.0,
        0.0,
        0.0,
        0.0,
        0.0,
        0.0,
        0.0,
        0.0,
        0.0,
        0.0,
        0.0,
        0.0,
        0.0,
        0.0,
        0.0,
        0.0,
        0.0,
        0.0,
        0.0,
        0.0
      ],
      [
        0.09875847754301503,
        -0.4819595480029242,
        0.04649392293186058,
        -0.005770792442789413,
        0.09875847754301503,
        0.036040969759334046,
        0.11392138988739797,
        -0.005794643907342981,
        0.025250639686349954,
        0.06413958180041504,
        -0.025718861114175193,
        0.005807483666600085,
        -0.019081746009338242,
        -0.02240030669998884,
        0.01410389535178349,
        0.04397098166627342,
        0.010785330974697045,
        -0.0240595807440704,
        0.0,
        0.0,
        9.556728240508107,
        -1.0926624188184346,
        -0.6736816748029629,
        -0.1914307936440497,
        0.0,
        0.0,
        0.0,
        0.0,
        0.0,
        0.0,
        0.2918057806984436,
        0.48557748786349636,
        -0.02772872747679017,
        -0.5231492563319641,
        0.1297264045132525,
        -0.40197134515592725,
        0.0,
        0.0,
        0.0,
        0.0,
        0.28702524730448675,
        0.04649392293186058,
        0.0,
        -0.010040643109186509,
        0.0,
        0.0,
        0.0
      ],
      [
        0.5417214441113174,
        0.4974625250366922,
        0.5377381072857363,
        0.5337548434227979,
        0.5417214441113174,
        0.5369415316370794,
        0.31314242980939366,
        0.3501599916783493,
        0.17459011174367567,
        0.24555035885261134,
        -0.15025694540847712,
        0.033928989291595074,
        -0.11148096014402809,
        -0.13086896567879724,
        0.0823989751866549,
        0.2568908991304707,
        0.06301098310396344,
        -0.1405629436293433,
        0.0,
        0.0,
        -1.0926624188184346,
        8.715386847529748,
        0.13756892700073875,
        -0.001303682895254149,
        0.0,
        0.0,
        0.0,
        0.0,
        0.0,
        0.0,
        -0.05093403017896925,
        0.1322384042168421,
        -0.3403686791805443,
        -0.2527131925408466,
        -0.39736510438225037,
        0.15584603416105658,
        0.0,
        0.0,
        0.0,
        0.0,
        1.5744237228750788,
        0.5377381072857363,
        0.0,
        -0.009117565925941262,
        0.0,
        0.0,
        0.0
      ],
      [
        -3.8918781807878986,
        -5.676612021283804,
        -4.052504260373693,
        -4.2131303047563495,
        -3.8918781807878986,
        -4.084629430131042,
        -2.0497330968631724,
        -2.8941778043803508,
        -1.1843741802093708,
        -1.6554712407330634,
        1.0856370209674377,
        -0.24514386043891984,
        0.8054726448699006,
        0.9455548366845435,
        -0.5953493592904947,
        -1.8560890686228158,
        -0.45526717312288933,
        1.0155959090132978,
        0.0,
        0.0,
        -0.6736816748029629,
        0.13756892700073875,
        8.469547101421227,
        0.4511562655993697,
        0.0,
        0.0,
        0.0,
        0.0,
        0.0,
        0.0,
        -0.26558994656377344,
        -0.09772773698110523,
        0.19236099548636948,
        0.18524230312484408,
        -0.6248089822701592,
        -0.15536203848405317,
        0.0,
        0.0,
        0.0,
        0.0,
        -11.311099328193968,
        -4.052504260373693,
        0.0,
        0.0030190100938433384,
        0.0,
        0.0,
        0.0
      ],
      [
        -2.350897278636694,
        -3.6515090857214823,
        -2.4679523527663183,
        -2.5850074289828853,
        -2.350897278636694,
        -2.491363306357691,
        -1.2183150726736671,
        -1.7516205854691709,
        -0.7322926204849879,
        -0.9995663068294476,
        0.656431963683886,
        -0.14822657605041323,
        0.4870301558648238,
        0.5717310436898958,
        -0.35997882000149434,
        -1.1222868440101395,
        -0.27527792742458485,
        0.6140814956346357,
        0.0,
        0.0,
        -0.1914307936440497,
        -0.001303682895254149,
        0.4511562655993697,
        9.23094734660954,
        0.0,
        0.0,
        0.0,
        0.0,
        0.0,
        0.0,
        -0.10948713773287372,
        -0.27962249128787203,
        -0.10164476794516702,
        0.3239006692508361,
        0.027806083744618404,
        -0.374960835356823,
        0.0,
        0.0,
        0.0,
        0.0,
        -6.832493653301541,
        -2.4679523527663183,
        0.0,
        -0.0016310546695615796,
        0.0,
        0.0,
        0.0
      ],
      [
        0.0,
        0.0,
        0.0,
        0.0,
        0.0,
        0.0,
        0.0,
        0.0,
        0.0,
        0.0,
        0.0,
        0.0,
        0.0,
        0.0,
        0.0,
        0.0,
        0.0,
        0.0,
        0.0,
        0.0,
        0.0,
        0.0,
        0.0,
        0.0,
        1.0,
        0.0,
        0.0,
        0.0,
        0.0,
        0.0,
        0.0,
        0.0,
        0.0,
        0.0,
        0.0,
        0.0,
        0.0,
        0.0,
        0.0,
        0.0,
        0.0,
        0.0,
        0.0,
        0.0,
        0.0,
        0.0,
        0.0
      ],
      [
        0.0,
        0.0,
        0.0,
        0.0,
        0.0,
        0.0,
        0.0,
        0.0,
        0.0,
        0.0,
        0.0,
        0.0,
        0.0,
        0.0,
        0.0,
        0.0,
        0.0,
        0.0,
        0.0,
        0.0,
        0.0,
        0.0,
        0.0,
        0.0,
        0.0,
        1.0,
        0.0,
        0.0,
        0.0,
        0.0,
        0.0,
        0.0,
        0.0,
        0.0,
        0.0,
        0.0,
        0.0,
        0.0,
        0.0,
        0.0,
        0.0,
        0.0,
        0.0,
        0.0,
        0.0,
        0.0,
        0.0
      ],
      [
        0.0,
        0.0,
        0.0,
        0.0,
        0.0,
        0.0,
        0.0,
        0.0,
        0.0,
        0.0,
        0.0,
        0.0,
        0.0,
        0.0,
        0.0,
        0.0,
        0.0,
        0.0,
        0.0,
        0.0,
        0.0,
        0.0,
        0.0,
        0.0,
        0.0,
        0.0,
        1.0,
        0.0,
        0.0,
        0.0,
        0.0,
        0.0,
        0.0,
        0.0,
        0.0,
        0.0,
        0.0,
        0.0,
        0.0,
        0.0,
        0.0,
        0.0,
        0.0,
        0.0,
        0.0,
        0.0,
        0.0
      ],
      [
        0.0,
        0.0,
        0.0,
        0.0,
        0.0,
        0.0,
        0.0,
        0.0,
        0.0,
        0.0,
        0.0,
        0.0,
        0.0,
        0.0,
        0.0,
        0.0,
        0.0,
        0.0,
        0.0,
        0.0,
        0.0,
        0.0,
        0.0,
        0.0,
        0.0,
        0.0,
        0.0,
        1.0,
        0.0,
        0.0,
        0.0,
        0.0,
        0.0,
        0.0,
        0.0,
        0.0,
        0.0,
        0.0,
        0.0,
        0.0,
        0.0,
        0.0,
        0.0,
        0.0,
        0.0,
        0.0,
        0.0
      ],
      [
        0.0,
        0.0,
        0.0,
        0.0,
        0.0,
        0.0,
        0.0,
        0.0,
        0.0,
        0.0,
        0.0,
        0.0,
        0.0,
        0.0,
        0.0,
        0.0,
        0.0,
        0.0,
        0.0,
        0.0,
        0.0,
        0.0,
        0.0,
        0.0,
        0.0,
        0.0,
        0.0,
        0.0,
        1.0,
        0.0,
        0.0,
        0.0,
        0.0,
        0.0,
        0.0,
        0.0,
        0.0,
        0.0,
        0.0,
        0.0,
        0.0,
        0.0,
        0.0,
        0.0,
        0.0,
        0.0,
        0.0
      ],
      [
        0.0,
        0.0,
        0.0,
        0.0,
        0.0,
        0.0,
        0.0,
        0.0,
        0.0,
        0.0,
        0.0,
        0.0,
        0.0,
        0.0,
        0.0,
        0.0,
        0.0,
        0.0,
        0.0,
        0.0,
        0.0,
        0.0,
        0.0,
        0.0,
        0.0,
        0.0,
        0.0,
        0.0,
        0.0,
        1.0,
        0.0,
        0.0,
        0.0,
        0.0,
        0.0,
        0.0,
        0.0,
        0.0,
        0.0,
        0.0,
        0.0,
        0.0,
        0.0,
        0.0,
        0.0,
        0.0,
        0.0
      ],
      [
        2.0573327171150595,
        3.117567454933355,
        2.1527538565461146,
        2.2481749954547467,
        2.0573327171150595,
        2.171838097032035,
        1.0733856823977028,
        1.5412387868084172,
        0.6280422629618511,
        0.8719987250386312,
        -0.5742333119526,
        0.1296655913965945,
        -0.42604406959474744,
        -0.5001386811288242,
        0.314902151541453,
        0.9817536986899872,
        0.240807528198676,
        -0.5371860034383473,
        0.0,
        0.0,
        0.2918057806984436,
        -0.05093403017896925,
        -0.26558994656377344,
        -0.10948713773287372,
        0.0,
        0.0,
        0.0,
        0.0,
        0.0,
        0.0,
        4.022963899503603,
        0.38131116030453915,
        -0.3777649096424916,
        0.15709968974360766,
        -0.16576935768816914,
        -0.04702218178755331,
        0.0,
        0.0,
        0.0,
        0.0,
        5.979296674266077,
        2.1527538565461146,
        0.0,
        0.0062124584961711915,
        0.0,
        0.0,
        0.0
      ],
      [
        2.065566271485295,
        3.0279468559222433,
        2.1521805281480697,
        2.238794754585134,
        2.065566271485295,
        2.1695034261115866,
        1.0880625930172632,
        1.5273156220061932,
        0.6344929989715979,
        0.8812613694933052,
        -0.5762329515827121,
        0.13011712902209593,
        -0.42752768479026115,
        -0.5018803210433549,
        0.31599872964191356,
        0.9851724640825414,
        0.24164609389666963,
        -0.5390566396130174,
        0.0,
        0.0,
        0.48557748786349636,
        0.1322384042168421,
        -0.09772773698110523,
        -0.27962249128787203,
        0.0,
        0.0,
        0.0,
        0.0,
        0.0,
        0.0,
        0.38131116030453915,
        4.21853080001935,
        -0.23405441158680523,
        0.1477111528261349,
        0.34953721062622156,
        -0.2921971778409328,
        0.0,
        0.0,
        0.0,
        0.0,
        6.003226247067605,
        2.1521805281480697,
        0.0,
        -0.005337639486300838,
        0.0,
        0.0,
        0.0
      ],
      [
        -0.2625714536407031,
        -0.7718153491083175,
        -0.30840338860422634,
        -0.35423537734682076,
        -0.2625714536407031,
        -0.31756978050741047,
        -0.0969662693948693,
        -0.2878551557012434,
        -0.05543596386199179,
        -0.08488551346698586,
        0.0743807020125774,
        -0.016795644522396,
        0.055185685775599236,
        0.06478318699803526,
        -0.04078941645080142,
        -0.1271670093750481,
        -0.031191909458122793,
        0.06958195604391171,
        0.0,
        0.0,
        -0.02772872747679017,
        -0.3403686791805443,
        0.19236099548636948,
        -0.10164476794516702,
        0.0,
        0.0,
        0.0,
        0.0,
        0.0,
        0.0,
        -0.3777649096424916,
        -0.23405441158680523,
        4.489208222733168,
        0.10095967649889737,
        0.4209357286920563,
        -0.5925160925429295,
        0.0,
        0.0,
        0.0,
        0.0,
        -0.7631206380782856,
        -0.30840338860422634,
        0.0,
        0.002594710091302979,
        0.0,
        0.0,
        0.0
      ],
      [
        0.43182945235457737,
        0.7047467570603044,
        0.45639201368660587,
        0.48095451623088326,
        0.43182945235457737,
        0.4613045112873875,
        0.2235627199651825,
        0.302353109752468,
        0.1482514460863208,
        0.18949161795442743,
        -0.12067780449424359,
        0.027249827319177633,
        -0.08953515118263695,
        -0.10510647884547643,
        0.06617815946949067,
        0.2063201225720487,
        0.05060682768566506,
        -0.11289215381465467,
        0.0,
        0.0,
        -0.5231492563319641,
        -0.2527131925408466,
        0.18524230312484408,
        0.3239006692508361,
        0.0,
        0.0,
        0.0,
        0.0,
        0.0,
        0.0,
        0.15709968974360766,
        0.1477111528261349,
        0.10095967649889737,
        4.426707491533322,
        -0.1269072199668702,
        -0.2582195041008202,
        0.0,
        0.0,
        0.0,
        0.0,
        1.255040713695361,
        0.45639201368660587,
        0.0,
        0.0038015401074244226,
        0.0,
        0.0,
        0.0
      ],
      [
        1.2568213028134778,
        1.9460105663935598,
        1.3188483315185695,
        1.3808754121573668,
        1.2568213028134778,
        1.3312537615071462,
        0.6503472213157128,
        0.9557743795324027,
        0.3789680631296898,
        0.5285529088977694,
        -0.3509193379285379,
        0.07923985633552526,
        -0.260359510929314,
        -0.30563942996075094,
        0.1924396417960151,
        0.5999588605978723,
        0.1471597332044632,
        -0.3282793889581339,
        0.0,
        0.0,
        0.1297264045132525,
        -0.39736510438225037,
        -0.6248089822701592,
        0.027806083744618404,
        0.0,
        0.0,
        0.0,
        0.0,
        0.0,
        0.0,
        -0.16576935768816914,
        0.34953721062622156,
        0.4209357286920563,
        -0.1269072199668702,
        3.5325810451521997,
        -0.22325216638891726,
        0.0,
        0.0,
        0.0,
        0.0,
        3.6527430354565853,
        1.3188483315185695,
        0.0,
        -0.003708672784629441,
        0.0,
        0.0,
        0.0
      ],
      [
        -0.3990332902758382,
        -0.1551426292184792,
        -0.3770830813564723,
        -0.35513293514250954,
        -0.3990332902758382,
        -0.37269309820349394,
        -0.25184174670845966,
        -0.2558696394351737,
        -0.10950071463112113,
        -0.1808544732716741,
        0.11006245548580154,
        -0.02485281466995514,
        0.0816592474431517,
        0.09586084486242805,
        -0.060356836391794,
        -0.18817129527439025,
        -0.04615522682394185,
        0.10296165351625383,
        0.0,
        0.0,
        -0.40197134515592725,
        0.15584603416105658,
        -0.15536203848405317,
        -0.374960835356823,
        0.0,
        0.0,
        0.0,
        0.0,
        0.0,
        0.0,
        -0.04702218178755331,
        -0.2921971778409328,
        -0.5925160925429295,
        -0.2582195041008202,
        -0.22325216638891726,
        4.362319880497548,
        0.0,
        0.0,
        0.0,
        0.0,
        -1.1597240644277662,
        -0.3770830813564723,
        0.0,
        0.003820226684279754,
        0.0,
        0.0,
        0.0
      ],
      [
        0.0,
        0.0,
        0.0,
        0.0,
        0.0,
        0.0,
        0.0,
        0.0,
        0.0,
        0.0,
        0.0,
        0.0,
        0.0,
        0.0,
        0.0,
        0.0,
        0.0,
        0.0,
        0.0,
        0.0,
        0.0,
        0.0,
        0.0,
        0.0,
        0.0,
        0.0,
        0.0,
        0.0,
        0.0,
        0.0,
        0.0,
        0.0,
        0.0,
        0.0,
        0.0,
        0.0,
        1.0,
        0.0,
        0.0,
        0.0,
        0.0,
        0.0,
        0.0,
        0.0,
        0.0,
        0.0,
        0.0
      ],
      [
        0.0,
        0.0,
        0.0,
        0.0,
        0.0,
        0.0,
        0.0,
        0.0,
        0.0,
        0.0,
        0.0,
        0.0,
        0.0,
        0.0,
        0.0,
        0.0,
        0.0,
        0.0,
        0.0,
        0.0,
        0.0,
        0.0,
        0.0,
        0.0,
        0.0,
        0.0,
        0.0,
        0.0,
        0.0,
        0.0,
        0.0,
        0.0,
        0.0,
        0.0,
        0.0,
        0.0,
        0.0,
        1.0,
        0.0,
        0.0,
        0.0,
        0.0,
        0.0,
        0.0,
        0.0,
        0.0,
        0.0
      ],
      [
        0.0,
        0.0,
        0.0,
        0.0,
        0.0,
        0.0,
        0.0,
        0.0,
        0.0,
        0.0,
        0.0,
        0.0,
        0.0,
        0.0,
        0.0,
        0.0,
        0.0,
        0.0,
        0.0,
        0.0,
        0.0,
        0.0,
        0.0,
        0.0,
        0.0,
        0.0,
        0.0,
        0.0,
        0.0,
        0.0,
        0.0,
        0.0,
        0.0,
        0.0,
        0.0,
        0.0,
        0.0,
        0.0,
        1.0,
        0.0,
        0.0,
        0.0,
        0.0,
        0.0,
        0.0,
        0.0,
        0.0
      ],
      [
        0.0,
        0.0,
        0.0,
        0.0,
        0.0,
        0.0,
        0.0,
        0.0,
        0.0,
        0.0,
        0.0,
        0.0,
        0.0,
        0.0,
        0.0,
        0.0,
        0.0,
        0.0,
        0.0,
        0.0,
        0.0,
        0.0,
        0.0,
        0.0,
        0.0,
        0.0,
        0.0,
        0.0,
        0.0,
        0.0,
        0.0,
        0.0,
        0.0,
        0.0,
        0.0,
        0.0,
        0.0,
        0.0,
        0.0,
        1.0,
        0.0,
        0.0,
        0.0,
        0.0,
        0.0,
        0.0,
        0.0
      ],
      [
        66.84569019079208,
        103.09110824002462,
        70.10777767750437,
        73.36986551067866,
        66.84569019079208,
        70.76019526146233,
        34.68760609470178,
        50.4746446289189,
        20.311401969977126,
        28.21772766633249,
        -18.66291573382782,
        4.214207041945382,
        -13.846679553726055,
        -16.25479761129612,
        10.23450249443831,
        31.907565045049704,
        7.826384458522124,
        -17.458856656321558,
        0.0,
        0.0,
        0.28702524730448675,
        1.5744237228750788,
        -11.311099328193968,
        -6.832493653301541,
        0.0,
        0.0,
        0.0,
        0.0,
        0.0,
        0.0,
        5.979296674266077,
        6.003226247067605,
        -0.7631206380782856,
        1.255040713695361,
        3.6527430354565853,
        -1.1597240644277662,
        0.0,
        0.0,
        0.0,
        0.0,
        195.27592596014603,
        70.10777767750437,
        0.0,
        0.03457917077931749,
        0.0,
        0.0,
        0.0
      ],
      [
        24.122406125068665,
        37.29216662270751,
        25.30768451884363,
        26.492963038415585,
        24.122406125068665,
        25.544740229170163,
        12.508833048662343,
        18.228401601263105,
        7.328634720316188,
        10.178942871528001,
        -6.7350941693945545,
        1.5208278106887725,
        -4.9970054009520615,
        -5.866049773126505,
        3.6934388521601647,
        11.514838214499509,
