{
  "A": [
    [
      [
        31.75,
        45.36079975962639,
        32.06497186422348,
        33.37994396686554,
        30.75,
        32.32796648144722,
        16.202780060470104,
        22.621882140636444,
        9.52127592265606,
        13.154061906039715,
        -17.835810139775276,
        6.0815645307302475,
        -8.996593043208122,
        3.826438695192337,
        0.0,
        0.0,
        0.0,
        0.0,
        0.0,
        0.0,
        -5.051556192338467,
        5.228269446641207,
        4.206831868737936,
        -8.307985745370388,
        3.755603326484561,
        -1.1926639759913087,
        0.0,
        0.0,
        0.0,
        0.0,
        -2.2324496060609818,
        0.5041015518363565,
        -1.6563335992395878,
        -1.944391597993672,
        1.2242465997114778,
        3.8167686220258474,
        0.9361885907128453,
        -2.088420607149601,
        0.0,
        0.0,
        33.90052852034569,
        32.06497186422348,
        0.0,
        0.0,
        0.0,
        0.0,
        0.0
      ],
      [
        45.36079975962639,
        69.67078860786104,
        47.45869858074194,
        49.55659775264316,
        45.36079975962639,
        47.87827872160747,
        23.71881935000324,
        33.70101885392375,
        13.992144258308134,
        19.309617094812978,
        -26.34925602805027,
        8.98443634577616,
        -13.290875584942647,
        5.652886643622979,
        0.0,
        0.0,
        0.0,
        0.0,
        0.0,
        0.0,
        -7.43275969529334,
        7.692772078635146,
        6.189849064425076,
        -12.224205619355285,
        5.525920326438756,
        -1.7548621441184118,
        0.0,
        0.0,
        0.0,
        0.0,
        -3.2766695517378555,
        0.7398931649131051,
        -2.4310774391392664,
        -2.853873488452095,
        1.7968833634070227,
        5.602047856737607,
        1.374087299133085,
        -3.065271526170682,
        0.0,
        0.0,
        50.00829547827331,
        47.45869858074194,
        0.0,
        0.0,
        0.0,
        0.0,
        0.0
      ],
      [
        32.06497186422348,
        47.45869858074194,
        34.45040714906982,
        34.83584268244773,
        32.06497186422348,
        33.72749446232183,
        16.879223537531455,
        23.619004354774162,
        9.923654040651698,
        13.708061826011335,
        -18.602020203360713,
        6.342822971457517,
        -9.383078438491811,
        3.9908189963145757,
        0.0,
        0.0,
        0.0,
        0.0,
        0.0,
        0.0,
        -5.265864488927647,
        5.450074664190553,
        4.385303400796159,
        -8.660445503312506,
        3.9149318425951147,
        -1.2432618067131969,
        0.0,
        0.0,
        0.0,
        0.0,
        -2.3264293929512467,
        0.5253227951569873,
        -1.7260605387313632,
        -2.0262449609750064,
        1.275783903935976,
        3.9774437390952406,
        0.975599471023296,
        -2.176337182171209,
        0.0,
        0.0,
        35.35022742072164,
        33.45040714906983,
        0.0,
        0.0,
        0.0,
        0.0,
        0.0
      ],
      [
        33.37994396686554,
        49.55659775264316,
        34.83584268244773,
        37.29174165667462,
        33.37994396686554,
        35.12702269375065,
        17.55566713949619,
        24.61612675267054,
        10.326032227344555,
        14.262061845460854,
        -19.36823040521982,
        6.604081459332644,
        -9.769563903522371,
        4.155199327101613,
        0.0,
        0.0,
        0.0,
        0.0,
        0.0,
        0.0,
        -5.4801728246932,
        5.671879922286739,
        4.563774965479659,
        -9.012905325685615,
        4.074260387831529,
        -1.293859646684561,
        0.0,
        0.0,
        0.0,
        0.0,
        -2.420409197155532,
        0.5465440423872356,
        -1.7957874910690277,
        -2.1080983390362933,
        1.3273212176552607,
        4.138118885766024,
        1.015010358594465,
        -2.2642537733898047,
        0.0,
        0.0,
        36.799926583943616,
        34.83584268244773,
        0.0,
        0.0,
        0.0,
        0.0,
        0.0
      ],
      [
        30.75,
        45.36079975962639,
        32.06497186422348,
        33.37994396686554,
        31.75,
        32.32796648144722,
        16.202780060470104,
        22.621882140636444,
        9.52127592265606,
        13.154061906039715,
        -17.835810139775276,
        6.0815645307302475,
        -8.996593043208122,
        3.826438695192337,
        0.0,
        0.0,
        0.0,
        0.0,
        0.0,
        0.0,
        -5.051556192338467,
        5.228269446641207,
        4.206831868737936,
        -8.307985745370388,
        3.755603326484561,
        -1.1926639759913087,
        0.0,
        0.0,
        0.0,
        0.0,
        -2.2324496060609818,
        0.5041015518363565,
        -1.6563335992395878,
        -1.944391597993672,
        1.2242465997114778,
        3.8167686220258474,
        0.9361885907128453,
        -2.088420607149601,
        0.0,
        0.0,
        33.90052852034569,
        32.06497186422348,
        0.0,
        0.0,
        0.0,
        0.0,
        0.0
      ],
      [
        32.32796648144722,
        47.87827872160747,
        33.72749446232183,
        35.12702269375065,
        32.32796648144722,
        35.00740031716025,
        17.014512359662987,
        23.818428984101935,
        10.004129737223675,
        13.818861912571425,
        -18.755262358183383,
        6.395074708057413,
        -9.46037558922827,
        4.023695087025908,
        0.0,
        0.0,
        0.0,
        0.0,
        0.0,
        0.0,
        -5.308726188216395,
        5.494435749069597,
        4.420997740494755,
        -8.730937520638642,
        3.9467975755337883,
        -1.25338138229464,
        0.0,
        0.0,
        0.0,
        0.0,
        -2.345225367917245,
        0.529567047792585,
        -1.7400059396788405,
        -2.042615648889806,
        1.2860913744258793,
        4.009578792578832,
        0.9834816544609762,
        -2.1939205136287705,
        0.0,
        0.0,
        35.640167470214024,
        33.72749446232183,
        0.0,
        0.0,
        0.0,
        0.0,
        0.0
      ],
      [
        16.202780060470104,
        23.71881935000324,
        16.879223537531455,
        17.55566713949619,
        16.202780060470104,
        17.014512359662987,
        9.557070904807397,
        11.880501074862309,
        5.02550324837359,
        6.942484909341087,
        -9.394001809185578,
        3.2031193287443545,
        -4.738445333224467,
        2.015359646518952,
        0.0,
        0.0,
        0.0,
        0.0,
        0.0,
        0.0,
        -2.6637437630013947,
        2.756926697042708,
        2.2183108975665706,
        -4.380896573457759,
        1.9803728901306379,
        -0.6289054513715859,
        0.0,
        0.0,
        0.0,
        0.0,
        -1.178042450793597,
        0.2660096004298793,
        -0.8740315066090885,
        -1.0260369762656214,
        0.6460233013844674,
        2.014072545752419,
        0.49401782634675934,
        -1.102039716318558,
        0.0,
        0.0,
        17.862855530044076,
        16.879223537531455,
        0.0,
        0.0,
        0.0,
        0.0,
        0.0
      ],
      [
        22.621882140636444,
        33.70101885392375,
        23.619004354774162,
        24.61612675267054,
        22.621882140636444,
        23.818428984101935,
        11.880501074862309,
        17.758139374964276,
        6.961978360499556,
        9.643145490723175,
        -13.128612376393397,
        4.4765279934685624,
        -6.6222269599132275,
        2.816571270420989,
        0.0,
        0.0,
        0.0,
        0.0,
        0.0,
        0.0,
        -3.712700690969819,
        3.8425781785916704,
        3.091860605223318,
        -6.106051924242775,
        2.7602248767651907,
        -0.8765624295665073,
        0.0,
        0.0,
        0.0,
        0.0,
        -1.639218577963049,
        0.3701461510017671,
        -1.2161944440433772,
        -1.4277065074953528,
        0.898926347695043,
        2.8025349452809794,
        0.6874142763773613,
        -1.5334625468276943,
        0.0,
        0.0,
        24.939634494066496,
        23.619004354774162,
        0.0,
        0.0,
        0.0,
        0.0,
        0.0
      ],
      [
        9.52127592265606,
        13.992144258308134,
        9.923654040651698,
        10.326032227344555,
        9.52127592265606,
        10.004129737223675,
        5.02550324837359,
        6.961978360499556,
        3.969479755415101,
        4.085590491030759,
        -5.5214006150220465,
        1.882659316918513,
        -2.7850596067576854,
        1.1845439481991726,
        0.0,
        0.0,
        0.0,
        0.0,
        0.0,
        0.0,
        -1.564716180638639,
        1.6194529935045399,
        1.3030633817724935,
        -2.573393076146396,
        1.1632956395893492,
        -0.36942687549576686,
        0.0,
        0.0,
        0.0,
        0.0,
        -0.6917573183209411,
        0.15620327400694586,
        -0.5132393069422834,
        -0.6024983112296074,
        0.37935080018177925,
        1.1826818480584984,
        0.2900917929353916,
        -0.6471278160439768,
        0.0,
        0.0,
        10.496789787514874,
        9.923654040651698,
        0.0,
        0.0,
        0.0,
        0.0,
        0.0
      ],
      [
        13.154061906039715,
        19.309617094812978,
        13.708061826011335,
        14.262061845460854,
        13.154061906039715,
        13.818861912571425,
        6.942484909341087,
        9.643145490723175,
        4.085590491030759,
        6.6369029343615376,
        -7.627605496098822,
        2.6008224281765413,
        -3.8474541951711667,
        1.6364025289247173,
        0.0,
        0.0,
        0.0,
        0.0,
        0.0,
        0.0,
        -2.16195175502984,
        2.237581029279861,
        1.8004288570463736,
        -3.5556299250557934,
        1.6073132501735308,
        -0.5104331967204561,
        0.0,
        0.0,
        0.0,
        0.0,
        -0.9558808672665395,
        0.2158440787358996,
        -0.7092019425331286,
        -0.8325414029321947,
        0.5241927513802719,
        1.6342479087589812,
        0.4008532866980535,
        -0.8942111371877705,
        0.0,
        0.0,
        14.501777261921694,
        13.708061826011335,
        0.0,
        0.0,
        0.0,
        0.0,
        0.0
      ],
      [
        -17.835810139775276,
        -26.34925602805027,
        -18.602020203360713,
        -19.36823040521982,
        -17.835810139775276,
        -18.755262358183383,
        -9.394001809185578,
        -13.128612376393397,
        -5.5214006150220465,
        -7.627605496098822,
        11.34609656049306,
        -3.5277597922848747,
        5.218693157872808,
        -2.2196190649257392,
        0.0,
        0.0,
        0.0,
        0.0,
        0.0,
        0.0,
        2.929615373367511,
        -3.0320990134610226,
        -2.4397232945344625,
        4.818159362092466,
        -2.1780363956712256,
        0.6916772943408755,
        0.0,
        0.0,
        0.0,
        0.0,
        1.2945146696804386,
        -0.2923097802788043,
        0.9604463797350133,
        1.1274805220041324,
        -0.7098951655273301,
        -2.213202465399163,
        -0.5428610173192704,
        1.2109975987811195,
        0.0,
        0.0,
        -19.66319968542837,
        -18.602020203360713,
        0.0,
        0.0,
        0.0,
        0.0,
        0.0
      ],
      [
        6.0815645307302475,
        8.98443634577616,
        6.342822971457517,
        6.604081459332644,
        6.0815645307302475,
        6.395074708057413,
        3.2031193287443545,
        4.4765279934685624,
        1.882659316918513,
        2.6008224281765413,
        -3.5277597922848747,
        2.2028777306780403,
        -1.7794436561626772,
        0.756834507164198,
        0.0,
        0.0,
        0.0,
        0.0,
        0.0,
        0.0,
        -0.9989254653236823,
        1.0338698197256742,
        0.8318845365876422,
        -1.6428716638148602,
        0.7426558584504196,
        -0.2358446331844154,
        0.0,
        0.0,
        0.0,
        0.0,
        -0.441397079128195,
        0.09967031369951142,
        -0.32748815954239957,
        -0.38444261841343963,
        0.242056470961694,
        0.7546466074329361,
        0.185102010065624,
        -0.4129198497728861,
        0.0,
        0.0,
        6.704658595848569,
        6.342822971457517,
        0.0,
        0.0,
        0.0,
        0.0,
        0.0
      ],
      [
        -8.996593043208122,
        -13.290875584942647,
        -9.383078438491811,
        -9.769563903522371,
        -8.996593043208122,
        -9.46037558922827,
        -4.738445333224467,
        -6.6222269599132275,
        -2.7850596067576854,
        -3.8474541951711667,
        5.218693157872808,
        -1.7794436561626772,
        3.6323703936830922,
        -1.119602041164399,
        0.0,
        0.0,
        0.0,
        0.0,
        0.0,
        0.0,
        1.4777325549125964,
        -1.5294265119722388,
        -1.230625211106822,
        2.4303364219231143,
        -1.0986272522075897,
        0.348890186962148,
        0.0,
        0.0,
        0.0,
        0.0,
        0.6529684707256804,
        -0.1474445015396604,
        0.4844604842866729,
        0.5687144761424521,
        -0.35807949609745476,
        -1.116365432610157,
        -0.2738255012460038,
        0.6108414749164487,
        0.0,
        0.0,
        -9.918349887714491,
        -9.383078438491811,
        0.0,
        0.0,
        0.0,
        0.0,
        0.0
      ],
      [
        3.826438695192337,
        5.652886643622979,
        3.9908189963145757,
        4.155199327101613,
        3.826438695192337,
        4.023695087025908,
        2.015359646518952,
        2.816571270420989,
        1.1845439481991726,
        1.6364025289247173,
        -2.2196190649257392,
        0.756834507164198,
        -1.119602041164399,
        1.476190103637214,
        0.0,
        0.0,
        0.0,
        0.0,
        0.0,
        0.0,
        -0.6285104818990987,
        0.6504970002002737,
        0.5234105737865922,
        -1.0336727783669726,
        0.46726908831843167,
        -0.14839027455168707,
        0.0,
        0.0,
        0.0,
        0.0,
        -0.2777211118617235,
        0.06271122227384701,
        -0.2060511500649281,
        -0.2418861303833053,
        0.15229867941487374,
        0.4748135064529593,
        0.11646369782237495,
        -0.25980362175300253,
        0.0,
        0.0,
        4.218481109519419,
        3.9908189963145757,
        0.0,
        0.0,
        0.0,
        0.0,
        0.0
      ],
      [
        0.0,
        0.0,
        0.0,
        0.0,
        0.0,
        0.0,
        0.0,
        0.0,
        0.0,
        0.0,
        0.0,
        0.0,
        0.0,
        0.0,
        1.0,
        0.0,
        0.0,
        0.0,
        0.0,
        0.0,
        0.0,
        0.0,
        0.0,
        0.0,
        0.0,
        0.0,
        0.0,
        0.0,
        0.0,
        0.0,
        0.0,
        0.0,
        0.0,
        0.0,
        0.0,
        0.0,
        0.0,
        0.0,
        0.0,
        0.0,
        0.0,
        0.0,
        0.0,
        0.0,
        0.0,
        0.0,
        0.0
      ],
      [
        0.0,
        0.0,
        0.0,
        0.0,
        0.0,
        0.0,
        0.0,
        0.0,
        0.0,
        0.0,
        0.0,
        0.0,
        0.0,
        0.0,
        0.0,
        1.0,
        0.0,
        0.0,
        0.0,
        0.0,
        0.0,
        0.0,
        0.0,
        0.0,
        0.0,
        0.0,
        0.0,
        0.0,
        0.0,
        0.0,
        0.0,
        0.0,
        0.0,
        0.0,
        0.0,
        0.0,
        0.0,
        0.0,
        0.0,
        0.0,
        0.0,
        0.0,
        0.0,
        0.0,
        0.0,
        0.0,
        0.0
      ],
      [
        0.0,
        0.0,
        0.0,
        0.0,
        0.0,
        0.0,
        0.0,
        0.0,
        0.0,
        0.0,
        0.0,
        0.0,
        0.0,
        0.0,
        0.0,
        0.0,
        1.0,
        0.0,
        0.0,
        0.0,
        0.0,
        0.0,
        0.0,
        0.0,
        0.0,
        0.0,
        0.0,
        0.0,
        0.0,
        0.0,
        0.0,
        0.0,
        0.0,
        0.0,
        0.0,
        0.0,
        0.0,
        0.0,
        0.0,
        0.0,
        0.0,
        0.0,
        0.0,
        0.0,
        0.0,
        0.0,
        0.0
      ],
      [
        0.0,
        0.0,
        0.0,
        0.0,
        0.0,
        0.0,
        0.0,
        0.0,
        0.0,
        0.0,
        0.0,
        0.0,
        0.0,
        0.0,
        0.0,
        0.0,
        0.0,
        1.0,
        0.0,
        0.0,
        0.0,
        0.0,
        0.0,
        0.0,
        0.0,
        0.0,
        0.0,
        0.0,
        0.0,
        0.0,
        0.0,
        0.0,
        0.0,
        0.0,
        0.0,
        0.0,
        0.0,
        0.0,
        0.0,
        0.0,
        0.0,
        0.0,
        0.0,
        0.0,
        0.0,
        0.0,
        0.0
      ],
      [
        0.0,
        0.0,
        0.0,
        0.0,
        0.0,
        0.0,
        0.0,
        0.0,
        0.0,
        0.0,
        0.0,
        0.0,
        0.0,
        0.0,
        0.0,
        0.0,
        0.0,
        0.0,
        1.0,
        0.0,
        0.0,
        0.0,
        0.0,
        0.0,
        0.0,
        0.0,
        0.0,
        0.0,
        0.0,
        0.0,
        0.0,
        0.0,
        0.0,
        0.0,
        0.0,
        0.0,
        0.0,
        0.0,
        0.0,
        0.0,
        0.0,
        0.0,
        0.0,
        0.0,
        0.0,
        0.0,
        0.0
      ],
      [
        0.0,
        0.0,
        0.0,
        0.0,
        0.0,
        0.0,
        0.0,
        0.0,
        0.0,
        0.0,
        0.0,
        0.0,
        0.0,
        0.0,
        0.0,
        0.0,
        0.0,
        0.0,
        0.0,
        1.0,
        0.0,
        0.0,
        0.0,
        0.0,
        0.0,
        0.0,
        0.0,
        0.0,
        0.0,
        0.0,
        0.0,
        0.0,
        0.0,
        0.0,
        0.0,
        0.0,
        0.0,
        0.0,
        0.0,
        0.0,
        0.0,
        0.0,
        0.0,
        0.0,
        0.0,
        0.0,
        0.0
      ],
      [
        -5.051556192338467,
        -7.43275969529334,
        -5.265864488927647,
        -5.4801728246932,
        -5.051556192338467,
        -5.308726188216395,
        -2.6637437630013947,
        -3.712700690969819,
        -1.564716180638639,
        -2.16195175502984,
        2.929615373367511,
        -0.9989254653236823,
        1.4777325549125964,
        -0.6285104818990987,
        0.0,
        0.0,
        0.0,
        0.0,
        0.0,
        0.0,
        1.8300670049437326,
        -0.8591043621518912,
        -0.6912626914353526,
        1.3651604737728809,
        -0.6171172379763019,
        0.19597743284659508,
        0.0,
        0.0,
        0.0,
        0.0,
        0.3669219272990031,
        -0.08285334301237336,
        0.27223240105493585,
        0.3195771634132655,
        -0.2012152572847532,
        -0.6273181240167842,
        -0.15387049324184918,
        0.34324954621359816,
        0.0,
        0.0,
        -5.569119504731679,
        -5.265864488927647,
        0.0,
        0.0,
        0.0,
        0.0,
        0.0
      ],
      [
        5.228269446641207,
        7.692772078635146,
        5.450074664190553,
        5.671879922286739,
        5.228269446641207,
        5.494435749069597,
        2.756926697042708,
        3.8425781785916704,
        1.6194529935045399,
        2.237581029279861,
        -3.0320990134610226,
        1.0338698197256742,
        -1.5294265119722388,
        0.6504970002002737,
        0.0,
        0.0,
        0.0,
        0.0,
        0.0,
        0.0,
        -0.8591043621518912,
        1.8891575025541867,
        0.7154444039673908,
        -1.412916440565086,
        0.6387051984321485,
        -0.20283310436276336,
        0.0,
        0.0,
        0.0,
        0.0,
        -0.3797575694801504,
        0.0857517139880389,
        -0.28175561956569073,
        -0.33075659373250077,
        0.20825415807464773,
        0.6492629312756495,
        0.1592531821643337,
        -0.3552570824937852,
        0.0,
        0.0,
        5.763938129688199,
        5.450074664190553,
        0.0,
        0.0,
        0.0,
        0.0,
        0.0
      ],
      [
        4.206831868737936,
        6.189849064425076,
        4.385303400796159,
        4.563774965479659,
        4.206831868737936,
        4.420997740494755,
        2.2183108975665706,
        3.091860605223318,
        1.3030633817724935,
        1.8004288570463736,
        -2.4397232945344625,
        0.8318845365876422,
        -1.230625211106822,
        0.5234105737865922,
        0.0,
        0.0,
        0.0,
        0.0,
        0.0,
        0.0,
        -0.6912626914353526,
        0.7154444039673908,
        1.5756693203373808,
        -1.1368775023232836,
        0.5139225150667985,
        -0.16320596636570453,
        0.0,
        0.0,
        0.0,
        0.0,
        -0.30556501763265864,
        0.06899855619113708,
        -0.22670953202735586,
        -0.26613727419401034,
        0.16756791858359618,
        0.5224176026696562,
        0.12814017501406288,
        -0.28585114662741273,
        0.0,
        0.0,
        4.637847926713805,
        4.385303400796159,
        0.0,
        0.0,
        0.0,
        0.0,
        0.0
      ],
      [
        -8.307985745370388,
        -12.224205619355285,
        -8.660445503312506,
        -9.012905325685615,
        -8.307985745370388,
        -8.730937520638642,
        -4.380896573457759,
        -6.106051924242775,
        -2.573393076146396,
        -3.5556299250557934,
        4.818159362092466,
        -1.6428716638148602,
        2.4303364219231143,
        -1.0336727783669726,
        0.0,
        0.0,
        0.0,
        0.0,
        0.0,
        0.0,
        1.3651604737728809,
        -1.412916440565086,
        -1.1368775023232836,
        3.245195999903788,
        -1.0149350063929408,
        0.3223121067097292,
        0.0,
        0.0,
        0.0,
        0.0,
        0.6034540695268789,
        -0.13626382970015244,
        0.44772399262964613,
        0.5255890298222452,
        -0.33092643645805936,
        -1.0317117802485836,
        -0.25306139649494386,
        0.5645215510847803,
        0.0,
        0.0,
        -9.159190494554611,
        -8.660445503312506,
        0.0,
        0.0,
        0.0,
        0.0,
        0.0
      ],
      [
        3.755603326484561,
        5.525920326438756,
        3.9149318425951147,
        4.074260387831529,
        3.755603326484561,
        3.9467975755337883,
        1.9803728901306379,
        2.7602248767651907,
        1.1632956395893492,
        1.6073132501735308,
        -2.1780363956712256,
        0.7426558584504196,
        -1.0986272522075897,
        0.46726908831843167,
        0.0,
        0.0,
        0.0,
        0.0,
        0.0,
        0.0,
        -0.6171172379763019,
        0.6387051984321485,
        0.5139225150667985,
        -1.0149350063929408,
        1.4587987272585452,
        -0.14570034869916876,
        0.0,
        0.0,
        0.0,
        0.0,
        -0.2727898410293036,
        0.06159770945134546,
        -0.20239246521313936,
        -0.23759115255344235,
        0.14959443402969222,
        0.46638262418667,
        0.11439574543698472,
        -0.2551904974288586,
        0.0,
        0.0,
        4.140388217255122,
        3.9149318425951147,
        0.0,
        0.0,
        0.0,
        0.0,
        0.0
      ],
      [
        -1.1926639759913087,
        -1.7548621441184118,
        -1.2432618067131969,
        -1.293859646684561,
        -1.1926639759913087,
        -1.25338138229464,
        -0.6289054513715859,
        -0.8765624295665073,
        -0.36942687549576686,
        -0.5104331967204561,
        0.6916772943408755,
        -0.2358446331844154,
        0.348890186962148,
        -0.14839027455168707,
        0.0,
        0.0,
        0.0,
        0.0,
        0.0,
        0.0,
        0.19597743284659508,
        -0.20283310436276336,
        -0.16320596636570453,
        0.3223121067097292,
        -0.14570034869916876,
        1.046269944421832,
        0.0,
        0.0,
        0.0,
        0.0,
        0.08662965391803072,
        -0.0195615358393799,
        0.06427361499561085,
        0.0754516342765116,
        -0.047506586019322485,
        -0.14810876084763763,
        -0.036328566340696575,
        0.08104064429971697,
        0.0,
        0.0,
        -1.3148598092124313,
        -1.2432618067131969,
        0.0,
        0.0,
        0.0,
        0.0,
        0.0
      ],
      [
        0.0,
        0.0,
        0.0,
        0.0,
        0.0,
        0.0,
        0.0,
        0.0,
        0.0,
        0.0,
        0.0,
        0.0,
        0.0,
        0.0,
        0.0,
        0.0,
        0.0,
        0.0,
        0.0,
        0.0,
        0.0,
        0.0,
        0.0,
        0.0,
        0.0,
        0.0,
        1.0,
        0.0,
        0.0,
        0.0,
        0.0,
        0.0,
        0.0,
        0.0,
        0.0,
        0.0,
        0.0,
        0.0,
        0.0,
        0.0,
        0.0,
        0.0,
        0.0,
        0.0,
        0.0,
        0.0,
        0.0
      ],
      [
        0.0,
        0.0,
        0.0,
        0.0,
        0.0,
        0.0,
        0.0,
        0.0,
        0.0,
        0.0,
        0.0,
        0.0,
        0.0,
        0.0,
        0.0,
        0.0,
        0.0,
        0.0,
        0.0,
        0.0,
        0.0,
        0.0,
        0.0,
        0.0,
        0.0,
        0.0,
        0.0,
        1.0,
        0.0,
        0.0,
        0.0,
        0.0,
        0.0,
        0.0,
        0.0,
        0.0,
        0.0,
        0.0,
        0.0,
        0.0,
        0.0,
        0.0,
        0.0,
        0.0,
        0.0,
        0.0,
        0.0
      ],
      [
        0.0,
        0.0,
        0.0,
        0.0,
        0.0,
        0.0,
        0.0,
        0.0,
        0.0,
        0.0,
        0.0,
        0.0,
        0.0,
        0.0,
        0.0,
        0.0,
        0.0,
        0.0,
        0.0,
        0.0,
        0.0,
        0.0,
        0.0,
        0.0,
        0.0,
        0.0,
        0.0,
        0.0,
        1.0,
        0.0,
        0.0,
        0.0,
        0.0,
        0.0,
        0.0,
        0.0,
        0.0,
        0.0,
        0.0,
        0.0,
        0.0,
        0.0,
        0.0,
        0.0,
        0.0,
        0.0,
        0.0
      ],
      [
        0.0,
        0.0,
        0.0,
        0.0,
        0.0,
        0.0,
        0.0,
        0.0,
        0.0,
        0.0,
        0.0,
        0.0,
        0.0,
        0.0,
        0.0,
        0.0,
        0.0,
        0.0,
        0.0,
        0.0,
        0.0,
        0.0,
        0.0,
        0.0,
        0.0,
        0.0,
        0.0,
        0.0,
        0.0,
        1.0,
        0.0,
        0.0,
        0.0,
        0.0,
        0.0,
        0.0,
        0.0,
        0.0,
        0.0,
        0.0,
        0.0,
        0.0,
        0.0,
        0.0,
        0.0,
        0.0,
        0.0
      ],
      [
        -2.2324496060609818,
        -3.2766695517378555,
        -2.3264293929512467,
        -2.420409197155532,
        -2.2324496060609818,
        -2.345225367917245,
        -1.178042450793597,
        -1.639218577963049,
        -0.6917573183209411,
        -0.9558808672665395,
        1.2945146696804386,
        -0.441397079128195,
        0.6529684707256804,
        -0.2777211118617235,
        0.0,
        0.0,
        0.0,
        0.0,
        0.0,
        0.0,
        0.3669219272990031,
        -0.3797575694801504,
        -0.30556501763265864,
        0.6034540695268789,
        -0.2727898410293036,
        0.08662965391803072,
        0.0,
        0.0,
        0.0,
        0.0,
        1.1622312424309875,
        -0.0366328632262747,
        0.12036511684871709,
        0.1412981793029197,
        -0.08896552306341979,
        -0.2773630875835635,
        -0.0680324598641733,
        0.1517647112523865,
        0.0,
        0.0,
        -2.461177936276579,
        -2.3264293929512467,
        0.0,
        0.0,
        0.0,
        0.0,
        0.0
      ],
      [
        0.5041015518363565,
        0.7398931649131051,
        0.5253227951569873,
        0.5465440423872356,
        0.5041015518363565,
        0.529567047792585,
        0.2660096004298793,
        0.3701461510017671,
        0.15620327400694586,
        0.2158440787358996,
        -0.2923097802788043,
        0.09967031369951142,
        -0.1474445015396604,
        0.06271122227384701,
        0.0,
        0.0,
        0.0,
        0.0,
        0.0,
        0.0,
        -0.08285334301237336,
        0.0857517139880389,
        0.06899855619113708,
        -0.13626382970015244,
        0.06159770945134546,
        -0.0195615358393799,
        0.0,
        0.0,
        0.0,
        0.0,
        -0.0366328632262747,
        1.0082719373164255,
        -0.02717922144132832,
        -0.031906042257719966,
        0.020088990193258473,
        0.06263037809001688,
        0.015362169208631106,
        -0.034269452829030586,
        0.0,
        0.0,
        0.5557498873228918,
        0.5253227951569873,
        0.0,
        0.0,
        0.0,
        0.0,
        0.0
      ],
      [
        -1.6563335992395878,
        -2.4310774391392664,
        -1.7260605387313632,
        -1.7957874910690277,
        -1.6563335992395878,
        -1.7400059396788405,
        -0.8740315066090885,
        -1.2161944440433772,
        -0.5132393069422834,
        -0.7092019425331286,
        0.9604463797350133,
        -0.32748815954239957,
        0.4844604842866729,
        -0.2060511500649281,
        0.0,
        0.0,
        0.0,
        0.0,
        0.0,
        0.0,
        0.27223240105493585,
        -0.28175561956569073,
        -0.22670953202735586,
        0.44772399262964613,
        -0.20239246521313936,
        0.06427361499561085,
        0.0,
        0.0,
        0.0,
        0.0,
        0.12036511684871709,
        -0.02717922144132832,
        1.0893031523207901,
        0.10483413433477082,
        -0.06600667922265986,
        -0.20578551915312088,
        -0.050475696655903575,
        0.11259962587771033,
        0.0,
        0.0,
        -1.8260352656984866,
        -1.7260605387313632,
        0.0,
        0.0,
        0.0,
        0.0,
        0.0
      ],
      [
        -1.944391597993672,
        -2.853873488452095,
        -2.0262449609750064,
        -2.1080983390362933,
        -1.944391597993672,
        -2.042615648889806,
        -1.0260369762656214,
        -1.4277065074953528,
        -0.6024983112296074,
        -0.8325414029321947,
        1.1274805220041324,
        -0.38444261841343963,
        0.5687144761424521,
        -0.2418861303833053,
        0.0,
        0.0,
        0.0,
        0.0,
        0.0,
        0.0,
        0.3195771634132655,
        -0.33075659373250077,
        -0.26613727419401034,
        0.5255890298222452,
        -0.23759115255344235,
        0.0754516342765116,
        0.0,
        0.0,
        0.0,
        0.0,
        0.1412981793029197,
        -0.031906042257719966,
        0.10483413433477082,
        1.1230661565253899,
        -0.0774861009582704,
        -0.2415743027922963,
        -0.05925407811874414,
        0.13218216824985352,
        0.0,
        0.0,
        -2.1436065958538215,
        -2.0262449609750064,
        0.0,
        0.0,
        0.0,
        0.0,
        0.0
      ],
      [
        1.2242465997114778,
        1.7968833634070227,
        1.275783903935976,
        1.3273212176552607,
        1.2242465997114778,
        1.2860913744258793,
        0.6460233013844674,
        0.898926347695043,
        0.37935080018177925,
        0.5241927513802719,
        -0.7098951655273301,
        0.242056470961694,
        -0.35807949609745476,
        0.15229867941487374,
        0.0,
        0.0,
        0.0,
        0.0,
        0.0,
        0.0,
        -0.2012152572847532,
        0.20825415807464773,
        0.16756791858359618,
        -0.33092643645805936,
        0.14959443402969222,
        -0.047506586019322485,
        0.0,
        0.0,
        0.0,
        0.0,
        -0.08896552306341979,
        0.020088990193258473,
        -0.06600667922265986,
        -0.0774861009582704,
        1.0487875465622176,
        0.15210234351656285,
        0.037308124418032586,
        -0.08322581222221152,
        0.0,
        0.0,
        1.3496782689253712,
        1.275783903935976,
        0.0,
        0.0,
        0.0,
        0.0,
        0.0
      ],
      [
        3.8167686220258474,
        5.602047856737607,
        3.9774437390952406,
        4.138118885766024,
        3.8167686220258474,
        4.009578792578832,
        2.014072545752419,
        2.8025349452809794,
        1.1826818480584984,
        1.6342479087589812,
        -2.213202465399163,
        0.7546466074329361,
        -1.116365432610157,
        0.4748135064529593,
        0.0,
        0.0,
        0.0,
        0.0,
        0.0,
        0.0,
        -0.6273181240167842,
        0.6492629312756495,
        0.5224176026696562,
        -1.0317117802485836,
        0.46638262418667,
        -0.14810876084763763,
        0.0,
        0.0,
        0.0,
        0.0,
        -0.2773630875835635,
        0.06263037809001688,
        -0.20578551915312088,
        -0.2415743027922963,
        0.15210234351656285,
        1.474201400427623,
        0.1163135586036029,
        -0.2594686958468959,
        0.0,
        0.0,
        4.207820277286106,
        3.9774437390952406,
        0.0,
        0.0,
        0.0,
        0.0,
        0.0
      ],
      [
        0.9361885907128453,
        1.374087299133085,
        0.975599471023296,
        1.015010358594465,
        0.9361885907128453,
        0.9834816544609762,
        0.49401782634675934,
        0.6874142763773613,
        0.2900917929353916,
        0.4008532866980535,
        -0.5428610173192704,
        0.185102010065624,
        -0.2738255012460038,
        0.11646369782237495,
        0.0,
        0.0,
        0.0,
        0.0,
        0.0,
        0.0,
        -0.15387049324184918,
        0.1592531821643337,
        0.12814017501406288,
        -0.25306139649494386,
        0.11439574543698472,
        -0.036328566340696575,
        0.0,
        0.0,
        0.0,
        0.0,
        -0.0680324598641733,
        0.015362169208631106,
        -0.050475696655903575,
        -0.05925407811874414,
        0.037308124418032586,
        0.1163135586036029,
        1.0285297426427555,
        -0.06364326915309189,
        0.0,
        0.0,
        1.0321069274758716,
        0.975599471023296,
        0.0,
        0.0,
        0.0,
        0.0,
        0.0
      ],
      [
        -2.088420607149601,
        -3.065271526170682,
        -2.176337182171209,
        -2.2642537733898047,
        -2.088420607149601,
        -2.1939205136287705,
        -1.102039716318558,
        -1.5334625468276943,
        -0.6471278160439768,
        -0.8942111371877705,
        1.2109975987811195,
        -0.4129198497728861,
        0.6108414749164487,
        -0.25980362175300253,
        0.0,
        0.0,
        0.0,
        0.0,
        0.0,
        0.0,
        0.34324954621359816,
        -0.3552570824937852,
        -0.28585114662741273,
        0.5645215510847803,
        -0.2551904974288586,
        0.08104064429971697,
        0.0,
        0.0,
        0.0,
        0.0,
        0.1517647112523865,
        -0.034269452829030586,
        0.11259962587771033,
        0.13218216824985352,
        -0.08322581222221152,
        -0.2594686958468959,
        -0.06364326915309189,
        1.1419734401116863,
        0.0,
        0.0,
        -2.3023922717122822,
        -2.176337182171209,
        0.0,
        0.0,
        0.0,
        0.0,
        0.0
      ],
      [
        0.0,
        0.0,
        0.0,
        0.0,
        0.0,
        0.0,
        0.0,
        0.0,
        0.0,
        0.0,
        0.0,
        0.0,
        0.0,
        0.0,
        0.0,
        0.0,
        0.0,
        0.0,
        0.0,
        0.0,
        0.0,
        0.0,
        0.0,
        0.0,
        0.0,
        0.0,
        0.0,
        0.0,
        0.0,
        0.0,
        0.0,
        0.0,
        0.0,
        0.0,
        0.0,
        0.0,
        0.0,
        0.0,
        1.0,
        0.0,
        0.0,
        0.0,
        0.0,
        0.0,
        0.0,
        0.0,
        0.0
      ],
      [
        0.0,
        0.0,
        0.0,
        0.0,
        0.0,
        0.0,
        0.0,
        0.0,
        0.0,
        0.0,
        0.0,
        0.0,
        0.0,
        0.0,
        0.0,
        0.0,
        0.0,
        0.0,
        0.0,
        0.0,
        0.0,
        0.0,
        0.0,
        0.0,
        0.0,
        0.0,
        0.0,
        0.0,
        0.0,
        0.0,
        0.0,
        0.0,
        0.0,
        0.0,
        0.0,
        0.0,
        0.0,
        0.0,
        0.0,
        1.0,
        0.0,
        0.0,
        0.0,
        0.0,
        0.0,
        0.0,
        0.0
      ],
      [
        33.90052852034569,
        50.00829547827331,
        35.35022742072164,
        36.799926583943616,
        33.90052852034569,
        35.640167470214024,
        17.862855530044076,
        24.939634494066496,
        10.496789787514874,
        14.501777261921694,
        -19.66319968542837,
        6.704658595848569,
        -9.918349887714491,
        4.218481109519419,
        0.0,
        0.0,
        0.0,
        0.0,
        0.0,
        0.0,
        -5.569119504731679,
        5.763938129688199,
        4.637847926713805,
        -9.159190494554611,
        4.140388217255122,
        -1.3148598092124313,
        0.0,
        0.0,
        0.0,
        0.0,
        -2.461177936276579,
        0.5557498873228918,
        -1.8260352656984866,
        -2.1436065958538215,
        1.3496782689253712,
        4.207820277286106,
        1.0321069274758716,
        -2.3023922717122822,
        0.0,
        0.0,
        38.373848258821766,
        35.35022742072164,
        0.0,
        0.0,
        0.0,
        0.0,
        0.0
      ],
      [
        32.06497186422348,
        47.45869858074194,
        33.45040714906983,
        34.83584268244773,
        32.06497186422348,
        33.72749446232183,
        16.879223537531455,
        23.619004354774162,
        9.923654040651698,
        13.708061826011335,
        -18.602020203360713,
        6.342822971457517,
        -9.383078438491811,
        3.9908189963145757,
        0.0,
        0.0,
        0.0,
        0.0,
        0.0,
        0.0,
        -5.265864488927647,
        5.450074664190553,
        4.385303400796159,
        -8.660445503312506,
        3.9149318425951147,
        -1.2432618067131969,
        0.0,
        0.0,
        0.0,
        0.0,
        -2.3264293929512467,
        0.5253227951569873,
        -1.7260605387313632,
        -2.0262449609750064,
        1.275783903935976,
        3.9774437390952406,
        0.975599471023296,
        -2.176337182171209,
        0.0,
        0.0,
        35.35022742072164,
        34.45040714906982,
        0.0,
        0.0,
        0.0,
        0.0,
        0.0
      ],
      [
