{
  "A": [
    [
      [
        8176.5,
        9509.537501305342,
        9415.990312814713,
        10656.480632454157,
        8175.5,
        9664.088378727436,
        4880.646980725229,
        4917.325101748109,
        2546.551091976464,
        4006.4768254458904,
        1517.8292357362807,
        1529.9635213799775,
        0.0,
        0.0,
        0.0,
        0.0,
        0.0,
        0.0,
        0.0,
        0.0,
        3.172379288293624,
        2.943256772239091,
        0.0,
        0.0,
        0.0,
        0.0,
        0.0,
        0.0,
        0.0,
        0.0,
        1.7704222064418153e-24,
        8.52870524089794e-25,
        9.838688050516005e-25,
        1.055799186318456e-25,
        -2.72019278571942e-25,
        -5.403660029083219e-25,
        0.0,
        0.0,
        0.0,
        0.0,
        12062.273496985435,
        9415.990312814713,
        0.0,
        0.03509189997566864,
        654.0199919920415,
        0.0,
        0.0
      ],
      [
        9509.537501305342,
        11101.138531804085,
        10961.818358302116,
        12414.099219232798,
        9509.537501305342,
        11252.274531781673,
        5673.177261099219,
        5730.378209799528,
        2957.7315994277596,
        4657.787933856249,
        1777.7004209011793,
        1795.6633873730898,
        0.0,
        0.0,
        0.0,
        0.0,
        0.0,
        0.0,
        0.0,
        0.0,
        3.489189608069632,
        3.245463767810006,
        0.0,
        0.0,
        0.0,
        0.0,
        0.0,
        0.0,
        0.0,
        0.0,
        1.996223065433032e-24,
        9.981812011040672e-25,
        1.1016496706517719e-24,
        1.186663519170054e-25,
        -3.0573555691197284e-25,
        -6.073433558590884e-25,
        0.0,
        0.0,
        0.0,
        0.0,
        14073.878742575645,
        10961.818358302116,
        0.0,
        0.06014754408124645,
        760.7230907883495,
        0.0,
        0.0
      ],
      [
        9415.990312814713,
        10961.818358302116,
        10866.203779160976,
        12314.417250305414,
        9415.990312814713,
        11155.046475440264,
        5623.724136039615,
        5661.223210409284,
        2929.2414267361164,
        4617.791855216026,
        1756.5826953658834,
        1773.2367282658815,
        0.0,
        0.0,
        0.0,
        0.0,
        0.0,
        0.0,
        0.0,
        0.0,
        3.493791745752609,
        3.2299172462808827,
        0.0,
        0.0,
        0.0,
        0.0,
        0.0,
        0.0,
        0.0,
        0.0,
        1.8586047096628424e-24,
        8.975601158566741e-25,
        1.032419529587489e-24,
        1.1081560676764104e-25,
        -2.855086607601908e-25,
        -5.671626509048464e-25,
        0.0,
        0.0,
        0.0,
        0.0,
        13917.62850087881,
        10865.203779160976,
        0.0,
        0.03781773344917383,
        753.2574247531593,
        0.0,
        0.0
      ],
      [
        10656.480632454157,
        12414.099219232798,
        12314.417250305414,
        13973.353882670403,
        10656.480632454157,
        12646.004580825567,
        6366.8012940734625,
        6405.121320724487,
        3311.931763969362,
        5229.106886267662,
        1995.3361560259946,
        2016.5099362172186,
        0.0,
        0.0,
        0.0,
        0.0,
        0.0,
        0.0,
        0.0,
        0.0,
        3.8152041814393662,
        3.5165776858336595,
        0.0,
        0.0,
        0.0,
        0.0,
        0.0,
        0.0,
        0.0,
        0.0,
        1.946787218059496e-24,
        9.422496998176303e-25,
        1.080970252718646e-24,
        1.1605129445115966e-25,
        -2.989980474239558e-25,
        -5.939592939867029e-25,
        0.0,
        0.0,
        0.0,
        0.0,
        15772.983516216278,
        12314.417250305414,
        0.0,
        0.04054357931590857,
        852.4948579706252,
        0.0,
        0.0
      ],
      [
        8175.5,
        9509.537501305342,
        9415.990312814713,
        10656.480632454157,
        8176.5,
        9664.088378727436,
        4880.646980725229,
        4917.325101748109,
        2546.551091976464,
        4006.4768254458904,
        1517.8292357362807,
        1529.9635213799775,
        0.0,
        0.0,
        0.0,
        0.0,
        0.0,
        0.0,
        0.0,
        0.0,
        3.172379288293624,
        2.943256772239091,
        0.0,
        0.0,
        0.0,
        0.0,
        0.0,
        0.0,
        0.0,
        0.0,
        1.7704222064418153e-24,
        8.52870524089794e-25,
        9.838688050516005e-25,
        1.055799186318456e-25,
        -2.72019278571942e-25,
        -5.403660029083219e-25,
        0.0,
        0.0,
        0.0,
        0.0,
        12062.273496985435,
        9415.990312814713,
        0.0,
        0.03509189997566864,
        654.0199919920415,
        0.0,
        0.0
      ],
      [
        9664.088378727436,
        11252.274531781673,
        11155.046475440264,
        12646.004580825567,
        9664.088378727436,
        11454.238100081682,
        5772.339567154646,
        5810.002832621336,
        3005.7794939801097,
        4740.054861448705,
        1804.333387939725,
        1821.8913706354797,
        0.0,
        0.0,
        0.0,
        0.0,
        0.0,
        0.0,
        0.0,
        0.0,
        3.5580742320579466,
        3.2872493336921638,
        0.0,
        0.0,
        0.0,
        0.0,
        0.0,
        0.0,
        0.0,
        0.0,
        1.8762412154032103e-24,
        9.064980267291456e-25,
        1.0421296714488307e-24,
        1.1186274397439943e-25,
        -2.88206539120721e-25,
        -5.725219783497241e-25,
        0.0,
        0.0,
        0.0,
        0.0,
        14288.69950452447,
        11155.046475440264,
        0.0,
        0.03836290876347448,
        773.1049115769565,
        0.0,
        0.0
      ],
      [
        4880.646980725229,
        5673.177261099219,
        5623.724136039615,
        6366.8012940734625,
        4880.646980725229,
        5772.339567154646,
        2915.8044825680554,
        2933.4381257891655,
        1520.1441474296153,
        2392.907207030803,
        905.9815884542186,
        913.1850753687322,
        0.0,
        0.0,
        0.0,
        0.0,
        0.0,
        0.0,
        0.0,
        0.0,
        1.893142249374764,
        1.752894223665542,
        0.0,
        0.0,
        0.0,
        0.0,
        0.0,
        0.0,
        0.0,
        0.0,
        1.0265878966011097e-24,
        4.895106313675813e-25,
        5.715647910945929e-25,
        6.12732030985707e-26,
        -1.5786612372692441e-25,
        -3.136008834984031e-25,
        0.0,
        0.0,
        0.0,
        0.0,
        7199.650869593024,
        5623.724136039615,
        0.0,
        0.017465916993955943,
        390.4418024001643,
        0.0,
        0.0
      ],
      [
        4917.325101748109,
        5730.378209799528,
        5661.223210409284,
        6405.121320724487,
        4917.325101748109,
        5810.002832621336,
        2933.4381257891655,
        2963.1535415500402,
        1531.1801465265453,
        2407.8783896937966,
        914.9736789241433,
        922.9122363571078,
        0.0,
        0.0,
        0.0,
        0.0,
        0.0,
        0.0,
        0.0,
        0.0,
        1.879147238811767,
        1.7493524879189475,
        0.0,
        0.0,
        0.0,
        0.0,
        0.0,
        0.0,
        0.0,
        0.0,
        1.0994965647553358e-24,
        5.419787273793613e-25,
        6.084171175233906e-25,
        6.544119095174569e-26,
        -1.686046520575418e-25,
        -3.3493295954682065e-25,
        0.0,
        0.0,
        0.0,
        0.0,
        7263.343046993017,
        5661.223210409284,
        0.0,
        0.029134874995293103,
        393.3752245679498,
        0.0,
        0.0
      ],
      [
        2546.551091976464,
        2957.7315994277596,
        2929.2414267361164,
        3311.931763969362,
        2546.551091976464,
        3005.7794939801097,
        1520.1441474296153,
        1531.1801465265453,
        795.1644705515355,
        1247.6134201716632,
        470.3932305094786,
        473.41644357703626,
        0.0,
        0.0,
        0.0,
        0.0,
        0.0,
        0.0,
        0.0,
        0.0,
        1.0296170823393036,
        0.9565750814940843,
        0.0,
        0.0,
        0.0,
        0.0,
        0.0,
        0.0,
        0.0,
        0.0,
        5.853000362963132e-25,
        2.7848827330674343e-25,
        3.2599586268938213e-25,
        3.494068391537462e-26,
        -9.002222914643702e-26,
        -1.788290616156167e-25,
        0.0,
        0.0,
        0.0,
        0.0,
        3749.6404920443892,
        2929.2414267361164,
        0.0,
        0.00929418263962134,
        203.7145807365887,
        0.0,
        0.0
      ],
      [
        4006.4768254458904,
        4657.787933856249,
        4617.791855216026,
        5229.106886267662,
        4006.4768254458904,
        4740.054861448705,
        2392.907207030803,
        2407.8783896937966,
        1247.6134201716632,
        1965.5546345338225,
        744.3099738068413,
        750.4132872745395,
        0.0,
        0.0,
        0.0,
        0.0,
        0.0,
        0.0,
        0.0,
        0.0,
        1.5428520018238896,
        1.4276917640259943,
        0.0,
        0.0,
        0.0,
        0.0,
        0.0,
        0.0,
        0.0,
        0.0,
        8.294599193807077e-25,
        3.9576341611771325e-25,
        4.617598347037485e-25,
        4.950475920515382e-26,
        -1.2754555151510836e-25,
        -2.533690986523135e-25,
        0.0,
        0.0,
        0.0,
        0.0,
        5911.91258700937,
        4617.791855216026,
        0.0,
        0.014288829038491713,
        320.50837656576186,
        0.0,
        0.0
      ],
      [
        1517.8292357362807,
        1777.7004209011793,
        1756.5826953658834,
        1995.3361560259946,
        1517.8292357362807,
        1804.333387939725,
        905.9815884542186,
        914.9736789241433,
        470.3932305094786,
        744.3099738068413,
        307.4242166437907,
        316.5165536296554,
        0.0,
        0.0,
        0.0,
        0.0,
        0.0,
        0.0,
        0.0,
        0.0,
        0.14347434262343203,
        0.08607863783906122,
        0.0,
        0.0,
        0.0,
        0.0,
        0.0,
        0.0,
        0.0,
        0.0,
        8.146964615444648e-26,
        3.856243515958173e-26,
        4.541869806166323e-26,
        4.865586774727898e-27,
        -1.2535844104066641e-26,
        -2.4902440809630454e-26,
        0.0,
        0.0,
        0.0,
        0.0,
        2294.0746863549575,
        1756.5826953658834,
        0.0,
        0.007438514190397427,
        121.42547822234337,
        0.0,
        0.0
      ],
      [
        1529.9635213799775,
        1795.6633873730898,
        1773.2367282658815,
        2016.5099362172186,
        1529.9635213799775,
        1821.8913706354797,
        913.1850753687322,
        922.9122363571078,
        473.41644357703626,
        750.4132872745395,
        316.5165536296554,
        330.14472496137023,
        0.0,
        0.0,
        0.0,
        0.0,
        0.0,
        0.0,
        0.0,
        0.0,
        0.06311870911302164,
        0.0,
        0.0,
        0.0,
        0.0,
        0.0,
        0.0,
        0.0,
        0.0,
        0.0,
        1.089229418677559e-32,
        3.461249859537693e-33,
        6.427625485060062e-33,
        6.68142725033265e-34,
        -1.7214254774950042e-33,
        -3.419600248136817e-33,
        0.0,
        0.0,
        0.0,
        0.0,
        2329.2408907413483,
        1773.2367282658815,
        0.0,
        0.007971534013449855,
        122.39708021702245,
        0.0,
        0.0
      ],
      [
        0.0,
        0.0,
        0.0,
        0.0,
        0.0,
        0.0,
        0.0,
        0.0,
        0.0,
        0.0,
        0.0,
        0.0,
        1.0,
        0.0,
        0.0,
        0.0,
        0.0,
        0.0,
        0.0,
        0.0,
        0.0,
        0.0,
        0.0,
        0.0,
        0.0,
        0.0,
        0.0,
        0.0,
        0.0,
        0.0,
        0.0,
        0.0,
        0.0,
        0.0,
        0.0,
        0.0,
        0.0,
        0.0,
        0.0,
        0.0,
        0.0,
        0.0,
        0.0,
        0.0,
        0.0,
        0.0,
        0.0
      ],
      [
        0.0,
        0.0,
        0.0,
        0.0,
        0.0,
        0.0,
        0.0,
        0.0,
        0.0,
        0.0,
        0.0,
        0.0,
        0.0,
        1.0,
        0.0,
        0.0,
        0.0,
        0.0,
        0.0,
        0.0,
        0.0,
        0.0,
        0.0,
        0.0,
        0.0,
        0.0,
        0.0,
        0.0,
        0.0,
        0.0,
        0.0,
        0.0,
        0.0,
        0.0,
        0.0,
        0.0,
        0.0,
        0.0,
        0.0,
        0.0,
        0.0,
        0.0,
        0.0,
        0.0,
        0.0,
        0.0,
        0.0
      ],
      [
        0.0,
        0.0,
        0.0,
        0.0,
        0.0,
        0.0,
        0.0,
        0.0,
        0.0,
        0.0,
        0.0,
        0.0,
        0.0,
        0.0,
        1.0,
        0.0,
        0.0,
        0.0,
        0.0,
        0.0,
        0.0,
        0.0,
        0.0,
        0.0,
        0.0,
        0.0,
        0.0,
        0.0,
        0.0,
        0.0,
        0.0,
        0.0,
        0.0,
        0.0,
        0.0,
        0.0,
        0.0,
        0.0,
        0.0,
        0.0,
        0.0,
        0.0,
        0.0,
        0.0,
        0.0,
        0.0,
        0.0
      ],
      [
        0.0,
        0.0,
        0.0,
        0.0,
        0.0,
        0.0,
        0.0,
        0.0,
        0.0,
        0.0,
        0.0,
        0.0,
        0.0,
        0.0,
        0.0,
        1.0,
        0.0,
        0.0,
        0.0,
        0.0,
        0.0,
        0.0,
        0.0,
        0.0,
        0.0,
        0.0,
        0.0,
        0.0,
        0.0,
        0.0,
        0.0,
        0.0,
        0.0,
        0.0,
        0.0,
        0.0,
        0.0,
        0.0,
        0.0,
        0.0,
        0.0,
        0.0,
        0.0,
        0.0,
        0.0,
        0.0,
        0.0
      ],
      [
        0.0,
        0.0,
        0.0,
        0.0,
        0.0,
        0.0,
        0.0,
        0.0,
        0.0,
        0.0,
        0.0,
        0.0,
        0.0,
        0.0,
        0.0,
        0.0,
        1.0,
        0.0,
        0.0,
        0.0,
        0.0,
        0.0,
        0.0,
        0.0,
        0.0,
        0.0,
        0.0,
        0.0,
        0.0,
        0.0,
        0.0,
        0.0,
        0.0,
        0.0,
        0.0,
        0.0,
        0.0,
        0.0,
        0.0,
        0.0,
        0.0,
        0.0,
        0.0,
        0.0,
        0.0,
        0.0,
        0.0
      ],
      [
        0.0,
        0.0,
        0.0,
        0.0,
        0.0,
        0.0,
        0.0,
        0.0,
        0.0,
        0.0,
        0.0,
        0.0,
        0.0,
        0.0,
        0.0,
        0.0,
        0.0,
        1.0,
        0.0,
        0.0,
        0.0,
        0.0,
        0.0,
        0.0,
        0.0,
        0.0,
        0.0,
        0.0,
        0.0,
        0.0,
        0.0,
        0.0,
        0.0,
        0.0,
        0.0,
        0.0,
        0.0,
        0.0,
        0.0,
        0.0,
        0.0,
        0.0,
        0.0,
        0.0,
        0.0,
        0.0,
        0.0
      ],
      [
        0.0,
        0.0,
        0.0,
        0.0,
        0.0,
        0.0,
        0.0,
        0.0,
        0.0,
        0.0,
        0.0,
        0.0,
        0.0,
        0.0,
        0.0,
        0.0,
        0.0,
        0.0,
        1.0,
        0.0,
        0.0,
        0.0,
        0.0,
        0.0,
        0.0,
        0.0,
        0.0,
        0.0,
        0.0,
        0.0,
        0.0,
        0.0,
        0.0,
        0.0,
        0.0,
        0.0,
        0.0,
        0.0,
        0.0,
        0.0,
        0.0,
        0.0,
        0.0,
        0.0,
        0.0,
        0.0,
        0.0
      ],
      [
        0.0,
        0.0,
        0.0,
        0.0,
        0.0,
        0.0,
        0.0,
        0.0,
        0.0,
        0.0,
        0.0,
        0.0,
        0.0,
        0.0,
        0.0,
        0.0,
        0.0,
        0.0,
        0.0,
        1.0,
        0.0,
        0.0,
        0.0,
        0.0,
        0.0,
        0.0,
        0.0,
        0.0,
        0.0,
        0.0,
        0.0,
        0.0,
        0.0,
        0.0,
        0.0,
        0.0,
        0.0,
        0.0,
        0.0,
        0.0,
        0.0,
        0.0,
        0.0,
        0.0,
        0.0,
        0.0,
        0.0
      ],
      [
        3.172379288293624,
        3.489189608069632,
        3.493791745752609,
        3.8152041814393662,
        3.172379288293624,
        3.5580742320579466,
        1.893142249374764,
        1.879147238811767,
        1.0296170823393036,
        1.5428520018238896,
        0.14347434262343203,
        0.06311870911302164,
        0.0,
        0.0,
        0.0,
        0.0,
        0.0,
        0.0,
        0.0,
        0.0,
        1.1854703498406756,
        0.19084838265659626,
        0.0,
        0.0,
        0.0,
        0.0,
        0.0,
        0.0,
        0.0,
        0.0,
        2.9734837509885844e-31,
        9.448858196723211e-32,
        1.7546777216019544e-31,
        1.8239626300880055e-32,
        -4.699315455274789e-32,
        -9.335160282323828e-32,
        0.0,
        0.0,
        0.0,
        0.0,
        3.6568093910331267,
        3.493791745752609,
        0.0,
        -0.00014965958726409362,
        0.2537903397872276,
        0.0,
        0.0
      ],
      [
        2.943256772239091,
        3.245463767810006,
        3.2299172462808827,
        3.5165776858336595,
        2.943256772239091,
        3.2872493336921638,
        1.752894223665542,
        1.7493524879189475,
        0.9565750814940843,
        1.4276917640259943,
        0.08607863783906122,
        0.0,
        0.0,
        0.0,
        0.0,
        0.0,
        0.0,
        0.0,
        0.0,
        0.0,
        0.19084838265659626,
        1.1984611041126534,
        0.0,
        0.0,
        0.0,
        0.0,
        0.0,
        0.0,
        0.0,
        0.0,
        3.0856893209485794e-31,
        9.805414501988749e-32,
        1.820891172677632e-31,
        1.892790566354593e-32,
        -4.8766459607996925e-32,
        -9.6874261961419e-32,
        0.0,
        0.0,
        0.0,
        0.0,
        3.344032959463742,
        3.2299172462808827,
        0.0,
        -0.00016195789710151325,
        0.23546053851359672,
        0.0,
        0.0
      ],
      [
        0.0,
        0.0,
        0.0,
        0.0,
        0.0,
        0.0,
        0.0,
        0.0,
        0.0,
        0.0,
        0.0,
        0.0,
        0.0,
        0.0,
        0.0,
        0.0,
        0.0,
        0.0,
        0.0,
        0.0,
        0.0,
        0.0,
        1.0,
        0.0,
        0.0,
        0.0,
        0.0,
        0.0,
        0.0,
        0.0,
        0.0,
        0.0,
        0.0,
        0.0,
        0.0,
        0.0,
        0.0,
        0.0,
        0.0,
        0.0,
        0.0,
        0.0,
        0.0,
        0.0,
        0.0,
        0.0,
        0.0
      ],
      [
        0.0,
        0.0,
        0.0,
        0.0,
        0.0,
        0.0,
        0.0,
        0.0,
        0.0,
        0.0,
        0.0,
        0.0,
        0.0,
        0.0,
        0.0,
        0.0,
        0.0,
        0.0,
        0.0,
        0.0,
        0.0,
        0.0,
        0.0,
        1.0,
        0.0,
        0.0,
        0.0,
        0.0,
        0.0,
        0.0,
        0.0,
        0.0,
        0.0,
        0.0,
        0.0,
        0.0,
        0.0,
        0.0,
        0.0,
        0.0,
        0.0,
        0.0,
        0.0,
        0.0,
        0.0,
        0.0,
        0.0
      ],
      [
        0.0,
        0.0,
        0.0,
        0.0,
        0.0,
        0.0,
        0.0,
        0.0,
        0.0,
        0.0,
        0.0,
        0.0,
        0.0,
        0.0,
        0.0,
        0.0,
        0.0,
        0.0,
        0.0,
        0.0,
        0.0,
        0.0,
        0.0,
        0.0,
        1.0,
        0.0,
        0.0,
        0.0,
        0.0,
        0.0,
        0.0,
        0.0,
        0.0,
        0.0,
        0.0,
        0.0,
        0.0,
        0.0,
        0.0,
        0.0,
        0.0,
        0.0,
        0.0,
        0.0,
        0.0,
        0.0,
        0.0
      ],
      [
        0.0,
        0.0,
        0.0,
        0.0,
        0.0,
        0.0,
        0.0,
        0.0,
        0.0,
        0.0,
        0.0,
        0.0,
        0.0,
        0.0,
        0.0,
        0.0,
        0.0,
        0.0,
        0.0,
        0.0,
        0.0,
        0.0,
        0.0,
        0.0,
        0.0,
        1.0,
        0.0,
        0.0,
        0.0,
        0.0,
        0.0,
        0.0,
        0.0,
        0.0,
        0.0,
        0.0,
        0.0,
        0.0,
        0.0,
        0.0,
        0.0,
        0.0,
        0.0,
        0.0,
        0.0,
        0.0,
        0.0
      ],
      [
        0.0,
        0.0,
        0.0,
        0.0,
        0.0,
        0.0,
        0.0,
        0.0,
        0.0,
        0.0,
        0.0,
        0.0,
        0.0,
        0.0,
        0.0,
        0.0,
        0.0,
        0.0,
        0.0,
        0.0,
        0.0,
        0.0,
        0.0,
        0.0,
        0.0,
        0.0,
        1.0,
        0.0,
        0.0,
        0.0,
        0.0,
        0.0,
        0.0,
        0.0,
        0.0,
        0.0,
        0.0,
        0.0,
        0.0,
        0.0,
        0.0,
        0.0,
        0.0,
        0.0,
        0.0,
        0.0,
        0.0
      ],
      [
        0.0,
        0.0,
        0.0,
        0.0,
        0.0,
        0.0,
        0.0,
        0.0,
        0.0,
        0.0,
        0.0,
        0.0,
        0.0,
        0.0,
        0.0,
        0.0,
        0.0,
        0.0,
        0.0,
        0.0,
        0.0,
        0.0,
        0.0,
        0.0,
        0.0,
        0.0,
        0.0,
        1.0,
        0.0,
        0.0,
        0.0,
        0.0,
        0.0,
        0.0,
        0.0,
        0.0,
        0.0,
        0.0,
        0.0,
        0.0,
        0.0,
        0.0,
        0.0,
        0.0,
        0.0,
        0.0,
        0.0
      ],
      [
        0.0,
        0.0,
        0.0,
        0.0,
        0.0,
        0.0,
        0.0,
        0.0,
        0.0,
        0.0,
        0.0,
        0.0,
        0.0,
        0.0,
        0.0,
        0.0,
        0.0,
        0.0,
        0.0,
        0.0,
        0.0,
        0.0,
        0.0,
        0.0,
        0.0,
        0.0,
        0.0,
        0.0,
        1.0,
        0.0,
        0.0,
        0.0,
        0.0,
        0.0,
        0.0,
        0.0,
        0.0,
        0.0,
        0.0,
        0.0,
        0.0,
        0.0,
        0.0,
        0.0,
        0.0,
        0.0,
        0.0
      ],
      [
        0.0,
        0.0,
        0.0,
        0.0,
        0.0,
        0.0,
        0.0,
        0.0,
        0.0,
        0.0,
        0.0,
        0.0,
        0.0,
        0.0,
        0.0,
        0.0,
        0.0,
        0.0,
        0.0,
        0.0,
        0.0,
        0.0,
        0.0,
        0.0,
        0.0,
        0.0,
        0.0,
        0.0,
        0.0,
        1.0,
        0.0,
        0.0,
        0.0,
        0.0,
        0.0,
        0.0,
        0.0,
        0.0,
        0.0,
        0.0,
        0.0,
        0.0,
        0.0,
        0.0,
        0.0,
        0.0,
        0.0
      ],
      [
        1.7704222064418153e-24,
        1.996223065433032e-24,
        1.8586047096628424e-24,
        1.946787218059496e-24,
        1.7704222064418153e-24,
        1.8762412154032103e-24,
        1.0265878966011097e-24,
        1.0994965647553358e-24,
        5.853000362963132e-25,
        8.294599193807077e-25,
        8.146964615444648e-26,
        1.089229418677559e-32,
        0.0,
        0.0,
        0.0,
        0.0,
        0.0,
        0.0,
        0.0,
        0.0,
        2.9734837509885844e-31,
        3.0856893209485794e-31,
        0.0,
        0.0,
        0.0,
        0.0,
        0.0,
        0.0,
        0.0,
        0.0,
        1.0,
        0.0,
        0.0,
        0.0,
        0.0,
        0.0,
        0.0,
        0.0,
        0.0,
        0.0,
        2.0287047037936696e-24,
        1.8586047096628424e-24,
        0.0,
        1.2743226939779882e-28,
        1.4163194410763922e-25,
        0.0,
        0.0
      ],
      [
        8.52870524089794e-25,
        9.981812011040672e-25,
        8.975601158566741e-25,
        9.422496998176303e-25,
        8.52870524089794e-25,
        9.064980267291456e-25,
        4.895106313675813e-25,
        5.419787273793613e-25,
        2.7848827330674343e-25,
        3.9576341611771325e-25,
        3.856243515958173e-26,
        3.461249859537693e-33,
        0.0,
        0.0,
        0.0,
        0.0,
        0.0,
        0.0,
        0.0,
        0.0,
        9.448858196723211e-32,
        9.805414501988749e-32,
        0.0,
        0.0,
        0.0,
        0.0,
        0.0,
        0.0,
        0.0,
        0.0,
        0.0,
        1.0,
        0.0,
        0.0,
        0.0,
        0.0,
        0.0,
        0.0,
        0.0,
        0.0,
        9.671445145717082e-25,
        8.975601158566741e-25,
        0.0,
        3.290819050837292e-28,
        6.821825416774465e-26,
        0.0,
        0.0
      ],
      [
        9.838688050516005e-25,
        1.1016496706517719e-24,
        1.032419529587489e-24,
        1.080970252718646e-24,
        9.838688050516005e-25,
        1.0421296714488307e-24,
        5.715647910945929e-25,
        6.084171175233906e-25,
        3.2599586268938213e-25,
        4.617598347037485e-25,
        4.541869806166323e-26,
        6.427625485060062e-33,
        0.0,
        0.0,
        0.0,
        0.0,
        0.0,
        0.0,
        0.0,
        0.0,
        1.7546777216019544e-31,
        1.820891172677632e-31,
        0.0,
        0.0,
        0.0,
        0.0,
        0.0,
        0.0,
        0.0,
        0.0,
        0.0,
        0.0,
        1.0,
        0.0,
        0.0,
        0.0,
        0.0,
        0.0,
        0.0,
        0.0,
        1.1295379380024765e-24,
        1.032419529587489e-24,
        0.0,
        1.2705601262673806e-29,
        7.871069667037279e-26,
        0.0,
        0.0
      ],
      [
        1.055799186318456e-25,
        1.186663519170054e-25,
        1.1081560676764104e-25,
        1.1605129445115966e-25,
        1.055799186318456e-25,
        1.1186274397439943e-25,
        6.12732030985707e-26,
        6.544119095174569e-26,
        3.494068391537462e-26,
        4.950475920515382e-26,
        4.865586774727898e-27,
        6.68142725033265e-34,
        0.0,
        0.0,
        0.0,
        0.0,
        0.0,
        0.0,
        0.0,
        0.0,
        1.8239626300880055e-32,
        1.892790566354593e-32,
        0.0,
        0.0,
        0.0,
        0.0,
        0.0,
        0.0,
        0.0,
        0.0,
        0.0,
        0.0,
        0.0,
        1.0,
        0.0,
        0.0,
        0.0,
        0.0,
        0.0,
        0.0,
        1.210881555152225e-25,
        1.1081560676764104e-25,
        0.0,
        4.844161686173368e-30,
        8.446393360975316e-27,
        0.0,
        0.0
      ],
      [
        -2.72019278571942e-25,
        -3.0573555691197284e-25,
        -2.855086607601908e-25,
        -2.989980474239558e-25,
        -2.72019278571942e-25,
        -2.88206539120721e-25,
        -1.5786612372692441e-25,
        -1.686046520575418e-25,
        -9.002222914643702e-26,
        -1.2754555151510836e-25,
        -1.2535844104066641e-26,
        -1.7214254774950042e-33,
        0.0,
        0.0,
        0.0,
        0.0,
        0.0,
        0.0,
        0.0,
        0.0,
        -4.699315455274789e-32,
        -4.8766459607996925e-32,
        0.0,
        0.0,
        0.0,
        0.0,
        0.0,
        0.0,
        0.0,
        0.0,
        0.0,
        0.0,
        0.0,
        0.0,
        1.0,
        0.0,
        0.0,
        0.0,
        0.0,
        0.0,
        -3.119751660851787e-25,
        -2.855086607601908e-25,
        0.0,
        -1.2480637183804577e-29,
        -2.176154198384803e-26,
        0.0,
        0.0
      ],
      [
        -5.403660029083219e-25,
        -6.073433558590884e-25,
        -5.671626509048464e-25,
        -5.939592939867029e-25,
        -5.403660029083219e-25,
        -5.725219783497241e-25,
        -3.136008834984031e-25,
        -3.3493295954682065e-25,
        -1.788290616156167e-25,
        -2.533690986523135e-25,
        -2.4902440809630454e-26,
        -3.419600248136817e-33,
        0.0,
        0.0,
        0.0,
        0.0,
        0.0,
        0.0,
        0.0,
        0.0,
        -9.335160282323828e-32,
        -9.6874261961419e-32,
        0.0,
        0.0,
        0.0,
        0.0,
        0.0,
        0.0,
        0.0,
        0.0,
        0.0,
        0.0,
        0.0,
        0.0,
        0.0,
        1.0,
        0.0,
        0.0,
        0.0,
        0.0,
        -6.197383280442652e-25,
        -5.671626509048464e-25,
        0.0,
        -2.4792789513260588e-29,
        -4.322927971791476e-26,
        0.0,
        0.0
      ],
      [
        0.0,
        0.0,
        0.0,
        0.0,
        0.0,
        0.0,
        0.0,
        0.0,
        0.0,
        0.0,
        0.0,
        0.0,
        0.0,
        0.0,
        0.0,
        0.0,
        0.0,
        0.0,
        0.0,
        0.0,
        0.0,
        0.0,
        0.0,
        0.0,
        0.0,
        0.0,
        0.0,
        0.0,
        0.0,
        0.0,
        0.0,
        0.0,
        0.0,
        0.0,
        0.0,
        0.0,
        1.0,
        0.0,
        0.0,
        0.0,
        0.0,
        0.0,
        0.0,
        0.0,
        0.0,
        0.0,
        0.0
      ],
      [
        0.0,
        0.0,
        0.0,
        0.0,
        0.0,
        0.0,
        0.0,
        0.0,
        0.0,
        0.0,
        0.0,
        0.0,
        0.0,
        0.0,
        0.0,
        0.0,
        0.0,
        0.0,
        0.0,
        0.0,
        0.0,
        0.0,
        0.0,
        0.0,
        0.0,
        0.0,
        0.0,
        0.0,
        0.0,
        0.0,
        0.0,
        0.0,
        0.0,
        0.0,
        0.0,
        0.0,
        0.0,
        1.0,
        0.0,
        0.0,
        0.0,
        0.0,
        0.0,
        0.0,
        0.0,
        0.0,
        0.0
      ],
      [
        0.0,
        0.0,
        0.0,
        0.0,
        0.0,
        0.0,
        0.0,
        0.0,
        0.0,
        0.0,
        0.0,
        0.0,
        0.0,
        0.0,
        0.0,
        0.0,
        0.0,
        0.0,
        0.0,
        0.0,
        0.0,
        0.0,
        0.0,
        0.0,
        0.0,
        0.0,
        0.0,
        0.0,
        0.0,
        0.0,
        0.0,
        0.0,
        0.0,
        0.0,
        0.0,
        0.0,
        0.0,
        0.0,
        1.0,
        0.0,
        0.0,
        0.0,
        0.0,
        0.0,
        0.0,
        0.0,
        0.0
      ],
      [
        0.0,
        0.0,
        0.0,
        0.0,
        0.0,
        0.0,
        0.0,
        0.0,
        0.0,
        0.0,
        0.0,
        0.0,
        0.0,
        0.0,
        0.0,
        0.0,
        0.0,
        0.0,
        0.0,
        0.0,
        0.0,
        0.0,
        0.0,
        0.0,
        0.0,
        0.0,
        0.0,
        0.0,
        0.0,
        0.0,
        0.0,
        0.0,
        0.0,
        0.0,
        0.0,
        0.0,
        0.0,
        0.0,
        0.0,
        1.0,
        0.0,
        0.0,
        0.0,
        0.0,
        0.0,
        0.0,
        0.0
      ],
      [
        12062.273496985435,
        14073.878742575645,
        13917.62850087881,
        15772.983516216278,
        12062.273496985435,
        14288.69950452447,
        7199.650869593024,
        7263.343046993017,
        3749.6404920443892,
        5911.91258700937,
        2294.0746863549575,
        2329.2408907413483,
        0.0,
        0.0,
        0.0,
        0.0,
        0.0,
        0.0,
        0.0,
        0.0,
        3.6568093910331267,
        3.344032959463742,
        0.0,
        0.0,
        0.0,
        0.0,
        0.0,
        0.0,
        0.0,
        0.0,
        2.0287047037936696e-24,
        9.671445145717082e-25,
        1.1295379380024765e-24,
        1.210881555152225e-25,
        -3.119751660851787e-25,
        -6.197383280442652e-25,
        0.0,
        0.0,
        0.0,
        0.0,
        18256.17066410184,
        13917.62850087881,
        0.0,
        0.044535928954019255,
        964.9595344569534,
        0.0,
        0.0
      ],
      [
        9415.990312814713,
        10961.818358302116,
        10865.203779160976,
        12314.417250305414,
        9415.990312814713,
        11155.046475440264,
        5623.724136039615,
        5661.223210409284,
        2929.2414267361164,
        4617.791855216026,
        1756.5826953658834,
        1773.2367282658815,
        0.0,
        0.0,
        0.0,
        0.0,
        0.0,
        0.0,
        0.0,
        0.0,
        3.493791745752609,
        3.2299172462808827,
        0.0,
        0.0,
        0.0,
        0.0,
        0.0,
        0.0,
        0.0,
        0.0,
        1.8586047096628424e-24,
        8.975601158566741e-25,
        1.032419529587489e-24,
        1.1081560676764104e-25,
        -2.855086607601908e-25,
        -5.671626509048464e-25,
        0.0,
        0.0,
        0.0,
        0.0,
        13917.62850087881,
        10866.203779160976,
        0.0,
        0.03781773344917383,
        753.2574247531593,
        0.0,
        0.0
      ],
      [
        0.0,
        0.0,
        0.0,
        0.0,
        0.0,
        0.0,
        0.0,
        0.0,
        0.0,
        0.0,
        0.0,
        0.0,
        0.0,
        0.0,
        0.0,
        0.0,
        0.0,
        0.0,
        0.0,
        0.0,
        0.0,
        0.0,
        0.0,
        0.0,
        0.0,
        0.0,
        0.0,
        0.0,
        0.0,
        0.0,
        0.0,
        0.0,
        0.0,
        0.0,
        0.0,
        0.0,
        0.0,
        0.0,
        0.0,
        0.0,
        0.0,
        0.0,
        1.0,
        0.0,
        0.0,
        0.0,
        0.0
      ],
      [
        0.03509189997566864,
        0.06014754408124645,
        0.03781773344917383,
        0.04054357931590857,
        0.03509189997566864,
        0.03836290876347448,
        0.017465916993955943,
        0.029134874995293103,
        0.00929418263962134,
        0.014288829038491713,
        0.007438514190397427,
        0.007971534013449855,
        0.0,
        0.0,
        0.0,
        0.0,
        0.0,
        0.0,
        0.0,
        0.0,
        -0.00014965958726409362,
        -0.00016195789710151325,
        0.0,
        0.0,
        0.0,
        0.0,
        0.0,
        0.0,
        0.0,
        0.0,
        1.2743226939779882e-28,
        3.290819050837292e-28,
        1.2705601262673806e-29,
        4.844161686173368e-30,
        -1.2480637183804577e-29,
        -2.4792789513260588e-29,
        0.0,
        0.0,
        0.0,
        0.0,
        0.044535928954019255,
        0.03781773344917383,
        0.0,
        1.0216965012578092,
        0.0028073520030318377,
        0.0,
        0.0
      ],
      [
        654.0199919920415,
        760.7230907883495,
        753.2574247531593,
        852.4948579706252,
        654.0199919920415,
        773.1049115769565,
        390.4418024001643,
        393.3752245679498,
        203.7145807365887,
        320.50837656576186,
        121.42547822234337,
        122.39708021702245,
        0.0,
        0.0,
        0.0,
        0.0,
        0.0,
        0.0,
        0.0,
        0.0,
        0.2537903397872276,
        0.23546053851359672,
        0.0,
        0.0,
        0.0,
        0.0,
        0.0,
        0.0,
        0.0,
        0.0,
        1.4163194410763922e-25,
        6.821825416774465e-26,
        7.871069667037279e-26,
        8.446393360975316e-27,
        -2.176154198384803e-26,
        -4.322927971791476e-26,
        0.0,
        0.0,
        0.0,
        0.0,
        964.9595344569534,
        753.2574247531593,
        0.0,
        0.0028073520030318377,
        53.32159928418696,
        0.0,
        0.0
      ],
      [
        0.0,
        0.0,
        0.0,
        0.0,
        0.0,
        0.0,
        0.0,
        0.0,
        0.0,
        0.0,
        0.0,
        0.0,
        0.0,
        0.0,
        0.0,
        0.0,
        0.0,
        0.0,
        0.0,
        0.0,
        0.0,
        0.0,
        0.0,
        0.0,
        0.0,
        0.0,
        0.0,
        0.0,
        0.0,
        0.0,
        0.0,
        0.0,
        0.0,
        0.0,
        0.0,
        0.0,
        0.0,
        0.0,
        0.0,
        0.0,
        0.0,
        0.0,
        0.0,
        0.0,
        0.0,
        1.0,
        0.0
      ],
      [
        0.0,
        0.0,
        0.0,
        0.0,
        0.0,
        0.0,
        0.0,
        0.0,
        0.0,
        0.0,
        0.0,
        0.0,
        0.0,
        0.0,
        0.0,
        0.0,
        0.0,
        0.0,
        0.0,
        0.0,
        0.0,
        0.0,
        0.0,
        0.0,
        0.0,
        0.0,
        0.0,
        0.0,
        0.0,
        0.0,
        0.0,
        0.0,
        0.0,
        0.0,
        0.0,
        0.0,
        0.0,
        0.0,
        0.0,
        0.0,
        0.0,
        0.0,
        0.0,
        0.0,
        0.0,
        0.0,
        1.0
      ]
    ],
    [
      [
        8322.5,
        9666.60187125206,
        9591.254365473986,
        10861.008737206459,
        8321.5,
        9845.205240726471,
        4966.976074337959,
        5009.463057935238,
        2588.400256589055,
        4078.1606111600995,
        1561.7384809823707,
        1579.6231807172298,
        0.0,
        0.0,
        0.0,
        0.0,
        0.0,
        0.0,
        0.0,
        0.0,
        3.104102235703366,
        2.8281120042973775,
        0.0,
        0.0,
        0.0,
        0.0,
        0.0,
        0.0,
        0.0,
        0.0,
        8.780380874301604e-25,
        5.726490894254294e-25,
        4.563330140929717e-25,
        5.080808634755122e-26,
        -1.3090348531605376e-25,
        -2.6003961916103085e-25,
        0.0,
        0.0,
        0.0,
        0.0,
        12336.527980327606,
        9591.254365473986,
        0.0,
        -0.046267324471500615,
        665.7199918292463,
        0.0,
        0.0
      ],
      [
        9666.60187125206,
        11269.439454108477,
        11150.641785681248,
        12634.68170902133,
        9666.60187125206,
        11447.449769884348,
        5765.857493579388,
        5830.219771370292,
        3002.319384455681,
        4734.807093322277,
        1826.4198457389139,
        1851.0438509844244,
        0.0,
        0.0,
        0.0,
        0.0,
        0.0,
        0.0,
        0.0,
        0.0,
        3.3977536082329785,
        3.1029139203873983,
        0.0,
        0.0,
        0.0,
        0.0,
        0.0,
        0.0,
        0.0,
        0.0,
        9.888739545224087e-25,
        6.796482737686205e-25,
        5.066360104650562e-25,
        5.686110180510597e-26,
        -1.4649865661825387e-25,
        -2.91019409622949e-25,
