{
  "A": [
    [
      [
        15.25,
        24.169055610895157,
        15.142714977264404,
        16.03542998433113,
        14.25,
        15.321258008480072,
        7.167831622064114,
        11.201469421386719,
        4.242183193564415,
        5.8885157853364944,
        -3.572910115122795,
        0.0,
        -3.3177022635936737,
        -3.0624944157898426,
        1.7864550575613976,
        6.8906120210886,
        1.0208314470946789,
        -3.828117936849594,
        0.0,
        0.0,
        -8.175393775105476,
        0.1518287865910679,
        -9.632172122597694,
        -9.017331451177597,
        0.0,
        0.0,
        0.0,
        0.0,
        0.0,
        0.0,
        -2.0770755782723427,
        4.303098194301128,
        -2.4371431097388268,
        -0.29844779428094625,
        3.580683246254921,
        10.020010977983475,
        0.0,
        0.0,
        0.0,
        0.0,
        41.71061021089554,
        15.142714977264404,
        0.0,
        0.0,
        0.0,
        0.0,
        0.0
      ],
      [
        24.169055610895157,
        42.355894883951265,
        25.715871094906866,
        27.262686637614497,
        24.169055610895157,
        26.025234258756885,
        12.127620028302836,
        19.000193034262683,
        7.222549223546136,
        9.987748971911781,
        -6.060820525608482,
        0.0,
        -5.627904795244959,
        -5.194989071878007,
        3.030410262804241,
        11.68872471210871,
        1.7316629830753438,
        -6.493736203321586,
        0.0,
        0.0,
        -13.864897516263472,
        0.2574910300754297,
        -16.335491954398485,
        -15.292765078409097,
        0.0,
        0.0,
        0.0,
        0.0,
        0.0,
        0.0,
        -3.5225416868840114,
        7.297684746244334,
        -4.133185277957233,
        -0.5061418118530119,
        6.072531081388382,
        16.993077551519313,
        0.0,
        0.0,
        0.0,
        0.0,
        70.74428475449164,
        25.715871094906866,
        0.0,
        0.0,
        0.0,
        0.0,
        0.0
      ],
      [
        15.142714977264404,
        25.715871094906866,
        17.094298998079836,
        17.045883051297977,
        15.142714977264404,
        16.28461584082133,
        7.6142125653232435,
        11.903354520358693,
        4.510416130458936,
        6.2574467619890015,
        -3.7968220451084207,
        0.0,
        -3.52562048498121,
        -3.254418928873704,
        1.8984110225542103,
        7.322442149861245,
        1.0848062833449141,
        -4.0680235733769825,
        0.0,
        0.0,
        -8.687449095920096,
        0.1613383882095678,
        -10.235470888738785,
        -9.58212046010245,
        0.0,
        0.0,
        0.0,
        0.0,
        0.0,
        0.0,
        -2.2071675240107425,
        4.572610975613249,
        -2.5897869001420677,
        -0.3171402552824199,
        3.804949544458127,
        10.647586950128517,
        0.0,
        0.0,
        0.0,
        0.0,
        44.32364083869231,
        16.094298998079836,
        0.0,
        0.0,
        0.0,
        0.0,
        0.0
      ],
      [
        16.03542998433113,
        27.262686637614497,
        17.045883051297977,
        19.056336153268017,
        16.03542998433113,
        17.247973706085418,
        8.060593522189809,
        12.60523965141248,
        4.778649071534256,
        6.626377748376108,
        -4.020733982586564,
        0.0,
        -3.733538713326083,
        -3.446343448379722,
        2.010366991293282,
        7.754272293083744,
        1.1487811217358688,
        -4.307929217932065,
        0.0,
        0.0,
        -9.199504433806327,
        0.17084799014511198,
        -10.838769674993493,
        -10.146909487857027,
        0.0,
        0.0,
        0.0,
        0.0,
        0.0,
        0.0,
        -2.337259474085674,
        4.842123765909402,
        -2.742430695633589,
        -0.3358327169069945,
        4.029215850137104,
        11.27516294319339,
        0.0,
        0.0,
        0.0,
        0.0,
        46.936671553722285,
        17.045883051297977,
        0.0,
        0.0,
        0.0,
        0.0,
        0.0
      ],
      [
        14.25,
        24.169055610895157,
        15.142714977264404,
        16.03542998433113,
        15.25,
        15.321258008480072,
        7.167831622064114,
        11.201469421386719,
        4.242183193564415,
        5.8885157853364944,
        -3.572910115122795,
        0.0,
        -3.3177022635936737,
        -3.0624944157898426,
        1.7864550575613976,
        6.8906120210886,
        1.0208314470946789,
        -3.828117936849594,
        0.0,
        0.0,
        -8.175393775105476,
        0.1518287865910679,
        -9.632172122597694,
        -9.017331451177597,
        0.0,
        0.0,
        0.0,
        0.0,
        0.0,
        0.0,
        -2.0770755782723427,
        4.303098194301128,
        -2.4371431097388268,
        -0.29844779428094625,
        3.580683246254921,
        10.020010977983475,
        0.0,
        0.0,
        0.0,
        0.0,
        41.71061021089554,
        15.142714977264404,
        0.0,
        0.0,
        0.0,
        0.0,
        0.0
      ],
      [
        15.321258008480072,
        26.025234258756885,
        16.28461584082133,
        17.247973706085418,
        15.321258008480072,
        17.47728744643115,
        7.703488771297279,
        12.043731570062226,
        4.5640627278781665,
        6.331232971573407,
        -3.841604440088199,
        0.0,
        -3.567204137599751,
        -3.292803839189892,
        1.9208022200440995,
        7.40880819293946,
        1.0976012531614332,
        -4.116004710306728,
        0.0,
        0.0,
        -8.789860180579879,
        0.16324030891392385,
        -10.356130666116211,
        -9.695078284495137,
        0.0,
        0.0,
        0.0,
        0.0,
        0.0,
        0.0,
        -2.2331859183653515,
        4.626513542662918,
        -2.6203156643322814,
        -0.32087874823088014,
        3.8498028130750237,
        10.773102169676244,
        0.0,
        0.0,
        0.0,
        0.0,
        44.846247068931504,
        16.28461584082133,
        0.0,
        0.0,
        0.0,
        0.0,
        0.0
      ],
      [
        7.167831622064114,
        12.127620028302836,
        7.6142125653232435,
        8.060593522189809,
        7.167831622064114,
        7.703488771297279,
        4.608098032724699,
        5.631324586451823,
        2.1334306122120954,
        2.9628100241966244,
        -1.797121039115288,
        0.0,
        -1.6687552577384595,
        -1.5403894781719862,
        0.898560519557644,
        3.465876117193747,
        0.5134631467897461,
        -1.9254868056129884,
        0.0,
        0.0,
        -4.112365524768864,
        0.07637252527878335,
        -4.845150418682963,
        -4.535874846765994,
        0.0,
        0.0,
        0.0,
        0.0,
        0.0,
        0.0,
        -1.0448079416468283,
        2.16453903495866,
        -1.2259286578298125,
        -0.1501248336330373,
        1.8011507770125978,
        5.040253303343255,
        0.0,
        0.0,
        0.0,
        0.0,
        20.98067584878929,
        7.6142125653232435,
        0.0,
        0.0,
        0.0,
        0.0,
        0.0
      ],
      [
        11.201469421386719,
        19.000193034262683,
        11.903354520358693,
        12.60523965141248,
        11.201469421386719,
        12.043731570062226,
        5.631324586451823,
        9.842410696162705,
        3.3116363278717027,
        4.617567249135242,
        -2.808554493524773,
        0.0,
        -2.607943469151928,
        -2.407332447731283,
        1.4042772467623865,
        5.416497681033962,
        0.80244412981168,
        -3.009165495420125,
        0.0,
        0.0,
        -6.426410367305074,
        0.11934765656876153,
        -7.571536309225152,
        -7.0882301098904605,
        0.0,
        0.0,
        0.0,
        0.0,
        0.0,
        0.0,
        -1.6327211960266557,
        3.38252478803613,
        -1.9157585094698224,
        -0.23460005254890354,
        2.814658019322008,
        7.87640299494643,
        0.0,
        0.0,
        0.0,
        0.0,
        32.7873771806826,
        11.903354520358693,
        0.0,
        0.0,
        0.0,
        0.0,
        0.0
      ],
      [
        4.242183193564415,
        7.222549223546136,
        4.510416130458936,
        4.778649071534256,
        4.242183193564415,
        4.5640627278781665,
        2.1334306122120954,
        3.3116363278717027,
        2.279321504049582,
        1.7599779499452235,
        -1.063713009104972,
        0.0,
        -0.9877335124059902,
        -0.911754016860941,
        0.531856504552486,
        2.0514464151887335,
        0.3039179982694458,
        -1.1396924961621042,
        0.0,
        0.0,
        -2.4337017140139197,
        0.045197330912334174,
        -2.8673644875539464,
        -2.684334921970364,
        0.0,
        0.0,
        0.0,
        0.0,
        0.0,
        0.0,
        -0.6183141503590657,
        1.2809675927713586,
        -0.725500837071417,
        -0.0888434181943122,
        1.0659155315564752,
        2.982806519728174,
        0.0,
        0.0,
        0.0,
        0.0,
        12.41712628982297,
        4.510416130458936,
        0.0,
        0.0,
        0.0,
        0.0,
        0.0
      ],
      [
        5.8885157853364944,
        9.987748971911781,
        6.2574467619890015,
        6.626377748376108,
        5.8885157853364944,
        6.331232971573407,
        2.9628100241966244,
        4.617567249135242,
        1.7599779499452235,
        3.4366763568445515,
        -1.4764316941006714,
        0.0,
        -1.370972293091076,
        -1.2655128936155728,
        0.7382158470503357,
        2.847403839560978,
        0.42183762091851845,
        -1.5818910825040937,
        0.0,
        0.0,
        -3.378309956951972,
        0.0627400606605074,
        -3.98029304484819,
        -3.7262230378784253,
        0.0,
        0.0,
        0.0,
        0.0,
        0.0,
        0.0,
        -0.8583078717716515,
        1.7781649795888785,
        -1.0070982189311646,
        -0.123327284653988,
        1.4796421702378602,
        4.140559153673307,
        0.0,
        0.0,
        0.0,
        0.0,
        17.236041167921115,
        6.2574467619890015,
        0.0,
        0.0,
        0.0,
        0.0,
        0.0
      ],
      [
        -3.572910115122795,
        -6.060820525608482,
        -3.7968220451084207,
        -4.020733982586564,
        -3.572910115122795,
        -3.841604440088199,
        -1.797121039115288,
        -2.808554493524773,
        -1.063713009104972,
        -1.4764316941006714,
        1.8958398930111517,
        0.0,
        0.831851332688987,
        0.7678627733025459,
        -0.44791994650557587,
        -1.72769113602651,
        -0.255954251543623,
        0.9598284458557529,
        0.0,
        0.0,
        2.049817936696403,
        -0.03806805869152701,
        2.4150762310823977,
        2.260917120103594,
        0.0,
        0.0,
        0.0,
        0.0,
        0.0,
        0.0,
        0.520785446291129,
        -1.0789164038981525,
        0.6110652281306452,
        0.07482985663336457,
        -0.8977852043262973,
        -2.512318734869427,
        0.0,
        0.0,
        0.0,
        0.0,
        -10.458123588101952,
        -3.7968220451084207,
        0.0,
        0.0,
        0.0,
        0.0,
        0.0
      ],
      [
        0.0,
        0.0,
        0.0,
        0.0,
        0.0,
        0.0,
        0.0,
        0.0,
        0.0,
        0.0,
        0.0,
        1.0,
        0.0,
        0.0,
        0.0,
        0.0,
        0.0,
        0.0,
        0.0,
        0.0,
        0.0,
        0.0,
        0.0,
        0.0,
        0.0,
        0.0,
        0.0,
        0.0,
        0.0,
        0.0,
        0.0,
        0.0,
        0.0,
        0.0,
        0.0,
        0.0,
        0.0,
        0.0,
        0.0,
        0.0,
        0.0,
        0.0,
        0.0,
        0.0,
        0.0,
        0.0,
        0.0
      ],
      [
        -3.3177022635936737,
        -5.627904795244959,
        -3.52562048498121,
        -3.733538713326083,
        -3.3177022635936737,
        -3.567204137599751,
        -1.6687552577384595,
        -2.607943469151928,
        -0.9877335124059902,
        -1.370972293091076,
        0.831851332688987,
        0.0,
        1.7724333835709514,
        0.7130154353218046,
        -0.4159256663444935,
        -1.604284632991571,
        -0.23767180599460622,
        0.8912692748635709,
        0.0,
        0.0,
        1.903402377734326,
        -0.03534891178967872,
        2.242570795365583,
        2.099423048859194,
        0.0,
        0.0,
        0.0,
        0.0,
        0.0,
        0.0,
        0.4835864878604403,
        -1.0018509506589708,
        0.5674177142042209,
        0.06948486716389535,
        -0.8336576932115726,
        -2.3328674064027624,
        0.0,
        0.0,
        0.0,
        0.0,
        -9.71111480088151,
        -3.52562048498121,
        0.0,
        0.0,
        0.0,
        0.0,
        0.0
      ],
      [
        -3.0624944157898426,
        -5.194989071878007,
        -3.254418928873704,
        -3.446343448379722,
        -3.0624944157898426,
        -3.292803839189892,
        -1.5403894781719862,
        -2.407332447731283,
        -0.911754016860941,
        -1.2655128936155728,
        0.7678627733025459,
        0.0,
        0.7130154353218046,
        1.6581680981431102,
        -0.38393138665127297,
        -1.4808781317612396,
        -0.21938936071293877,
        0.8227101048739491,
        0.0,
        0.0,
        1.7569868209073003,
        -0.032629764927481396,
        2.0700653621642653,
        1.9379289799697232,
        0.0,
        0.0,
        0.0,
        0.0,
        0.0,
        0.0,
        0.4463875299721288,
        -0.9247854985434372,
        0.5237702009141967,
        0.06413987777235841,
        -0.769530183031855,
        -2.1534160805525766,
        0.0,
        0.0,
        0.0,
        0.0,
        -8.964106024565218,
        -3.254418928873704,
        0.0,
        0.0,
        0.0,
        0.0,
        0.0
      ],
      [
        1.7864550575613976,
        3.030410262804241,
        1.8984110225542103,
        2.010366991293282,
        1.7864550575613976,
        1.9208022200440995,
        0.898560519557644,
        1.4042772467623865,
        0.531856504552486,
        0.7382158470503357,
        -0.44791994650557587,
        0.0,
        -0.4159256663444935,
        -0.38393138665127297,
        1.223959973252787,
        0.863845568013255,
        0.1279771257718115,
        -0.47991422292787644,
        0.0,
        0.0,
        -1.0249089683482016,
        0.019034029345763506,
        -1.2075381155411988,
        -1.130458560051797,
        0.0,
        0.0,
        0.0,
        0.0,
        0.0,
        0.0,
        -0.2603927231455645,
        0.5394582019490762,
        -0.3055326140653226,
        -0.037414928316682285,
        0.44889260216314864,
        1.2561593674347136,
        0.0,
        0.0,
        0.0,
        0.0,
        5.229061794050976,
        1.8984110225542103,
        0.0,
        0.0,
        0.0,
        0.0,
        0.0
      ],
      [
        6.8906120210886,
        11.68872471210871,
        7.322442149861245,
        7.754272293083744,
        6.8906120210886,
        7.40880819293946,
        3.465876117193747,
        5.416497681033962,
        2.0514464151887335,
        2.847403839560978,
        -1.72769113602651,
        0.0,
        -1.604284632991571,
        -1.4808781317612396,
        0.863845568013255,
        4.331975596076089,
        0.49362603191719306,
        -1.851097624640437,
        0.0,
        0.0,
        -3.953220109262438,
        0.07341696667093636,
        -4.65764678472063,
        -4.360339942665373,
        0.0,
        0.0,
        0.0,
        0.0,
        0.0,
        0.0,
        -1.0043718820258363,
        2.0807672465677225,
        -1.1784828811729748,
        -0.14431471630749393,
        1.7314428076780013,
        4.845185889812676,
        0.0,
        0.0,
        0.0,
        0.0,
        20.169237342185113,
        7.322442149861245,
        0.0,
        0.0,
        0.0,
        0.0,
        0.0
      ],
      [
        1.0208314470946789,
        1.7316629830753438,
        1.0848062833449141,
        1.1487811217358688,
        1.0208314470946789,
        1.0976012531614332,
        0.5134631467897461,
        0.80244412981168,
        0.3039179982694458,
        0.42183762091851845,
        -0.255954251543623,
        0.0,
        -0.23767180599460622,
        -0.21938936071293877,
        0.1279771257718115,
        0.49362603191719306,
        1.0731297851260582,
        -0.2742366949561937,
        0.0,
        0.0,
        -0.5856622593834717,
        0.010876588044474908,
        -0.6900217705961684,
        -0.6459763109365159,
        0.0,
        0.0,
        0.0,
        0.0,
        0.0,
        0.0,
        -0.1487958397029292,
        0.308261825345915,
        -0.1745900627225538,
        -0.021379958737147514,
        0.25651005476815836,
        0.7178053427155937,
        0.0,
        0.0,
        0.0,
        0.0,
        2.988035268827409,
        1.0848062833449141,
        0.0,
        0.0,
        0.0,
        0.0,
        0.0
      ],
      [
        -3.828117936849594,
        -6.493736203321586,
        -4.0680235733769825,
        -4.307929217932065,
        -3.828117936849594,
        -4.116004710306728,
        -1.9254868056129884,
        -3.009165495420125,
        -1.1396924961621042,
        -1.5818910825040937,
        0.9598284458557529,
        0.0,
        0.8912692748635709,
        0.8227101048739491,
        -0.47991422292787644,
        -1.851097624640437,
        -0.2742366949561937,
        2.028387608836263,
        0.0,
        0.0,
        2.196233478567339,
        -0.040787205275968304,
        2.5875816466625903,
        2.4224111724967323,
        0.0,
        0.0,
        0.0,
        0.0,
        0.0,
        0.0,
        0.5579844003797638,
        -1.155981848141859,
        0.6547127369623075,
        0.08017484547893915,
        -0.961912707955729,
        -2.6917700423896105,
        0.0,
        0.0,
        0.0,
        0.0,
        -11.205132288089196,
        -4.0680235733769825,
        0.0,
        0.0,
        0.0,
        0.0,
        0.0
      ],
      [
        0.0,
        0.0,
        0.0,
        0.0,
        0.0,
        0.0,
        0.0,
        0.0,
        0.0,
        0.0,
        0.0,
        0.0,
        0.0,
        0.0,
        0.0,
        0.0,
        0.0,
        0.0,
        1.0,
        0.0,
        0.0,
        0.0,
        0.0,
        0.0,
        0.0,
        0.0,
        0.0,
        0.0,
        0.0,
        0.0,
        0.0,
        0.0,
        0.0,
        0.0,
        0.0,
        0.0,
        0.0,
        0.0,
        0.0,
        0.0,
        0.0,
        0.0,
        0.0,
        0.0,
        0.0,
        0.0,
        0.0
      ],
      [
        0.0,
        0.0,
        0.0,
        0.0,
        0.0,
        0.0,
        0.0,
        0.0,
        0.0,
        0.0,
        0.0,
        0.0,
        0.0,
        0.0,
        0.0,
        0.0,
        0.0,
        0.0,
        0.0,
        1.0,
        0.0,
        0.0,
        0.0,
        0.0,
        0.0,
        0.0,
        0.0,
        0.0,
        0.0,
        0.0,
        0.0,
        0.0,
        0.0,
        0.0,
        0.0,
        0.0,
        0.0,
        0.0,
        0.0,
        0.0,
        0.0,
        0.0,
        0.0,
        0.0,
        0.0,
        0.0,
        0.0
      ],
      [
        -8.175393775105476,
        -13.864897516263472,
        -8.687449095920096,
        -9.199504433806327,
        -8.175393775105476,
        -8.789860180579879,
        -4.112365524768864,
        -6.426410367305074,
        -2.4337017140139197,
        -3.378309956951972,
        2.049817936696403,
        0.0,
        1.903402377734326,
        1.7569868209073003,
        -1.0249089683482016,
        -3.953220109262438,
        -0.5856622593834717,
        2.196233478567339,
        0.0,
        0.0,
        5.690324042487625,
        -0.08710604378026503,
        5.526095712465512,
        5.173354050953905,
        0.0,
        0.0,
        0.0,
        0.0,
        0.0,
        0.0,
        1.1916439353998713,
        -2.4687406276085286,
        1.3982191292414743,
        0.17122318889557517,
        -2.0542822416315523,
        -5.748604162231176,
        0.0,
        0.0,
        0.0,
        0.0,
        -23.929871092912723,
        -8.687449095920096,
        0.0,
        0.0,
        0.0,
        0.0,
        0.0
      ],
      [
        0.1518287865910679,
        0.2574910300754297,
        0.1613383882095678,
        0.17084799014511198,
        0.1518287865910679,
        0.16324030891392385,
        0.07637252527878335,
        0.11934765656876153,
        0.045197330912334174,
        0.0627400606605074,
        -0.03806805869152701,
        0.0,
        -0.03534891178967872,
        -0.032629764927481396,
        0.019034029345763506,
        0.07341696667093636,
        0.010876588044474908,
        -0.040787205275968304,
        0.0,
        0.0,
        -0.08710604378026503,
        1.0016176841502464,
        -0.10262752225721644,
        -0.09607660374232908,
        0.0,
        0.0,
        0.0,
        0.0,
        0.0,
        0.0,
        -0.022130536796017432,
        0.04584805383227196,
        -0.02596693439151391,
        -0.003179860165959251,
        0.03815096723718629,
        0.10675982326491329,
        0.0,
        0.0,
        0.0,
        0.0,
        0.4444120235995282,
        0.1613383882095678,
        0.0,
        0.0,
        0.0,
        0.0,
        0.0
      ],
      [
        -9.632172122597694,
        -16.335491954398485,
        -10.235470888738785,
        -10.838769674993493,
        -9.632172122597694,
        -10.356130666116211,
        -4.845150418682963,
        -7.571536309225152,
        -2.8673644875539464,
        -3.98029304484819,
        2.4150762310823977,
        0.0,
        2.242570795365583,
        2.0700653621642653,
        -1.2075381155411988,
        -4.65764678472063,
        -0.6900217705961684,
        2.5875816466625903,
        0.0,
        0.0,
        5.526095712465512,
        -0.10262752225721644,
        7.510794040390723,
        6.095197129467396,
        0.0,
        0.0,
        0.0,
        0.0,
        0.0,
        0.0,
        1.4039836869589852,
        -2.9086470090012053,
        1.6473686391818807,
        0.2017335521938581,
        -2.42033603325679,
        -6.772951405025853,
        0.0,
        0.0,
        0.0,
        0.0,
        -28.193949255433456,
        -10.235470888738785,
        0.0,
        0.0,
        0.0,
        0.0,
        0.0
      ],
      [
        -9.017331451177597,
        -15.292765078409097,
        -9.58212046010245,
        -10.146909487857027,
        -9.017331451177597,
        -9.695078284495137,
        -4.535874846765994,
        -7.0882301098904605,
        -2.684334921970364,
        -3.7262230378784253,
        2.260917120103594,
        0.0,
        2.099423048859194,
        1.9379289799697232,
        -1.130458560051797,
        -4.360339942665373,
        -0.6459763109365159,
        2.4224111724967323,
        0.0,
        0.0,
        5.173354050953905,
        -0.09607660374232908,
        6.095197129467396,
        6.706128594545145,
        0.0,
        0.0,
        0.0,
        0.0,
        0.0,
        0.0,
        1.314364620578903,
        -2.7229822952319767,
        1.5422138280550621,
        0.18885649901077556,
        -2.2658411786218577,
        -6.340620468994248,
        0.0,
        0.0,
        0.0,
        0.0,
        -26.394273494913527,
        -9.58212046010245,
        0.0,
        0.0,
        0.0,
        0.0,
        0.0
      ],
      [
        0.0,
        0.0,
        0.0,
        0.0,
        0.0,
        0.0,
        0.0,
        0.0,
        0.0,
        0.0,
        0.0,
        0.0,
        0.0,
        0.0,
        0.0,
        0.0,
        0.0,
        0.0,
        0.0,
        0.0,
        0.0,
        0.0,
        0.0,
        0.0,
        1.0,
        0.0,
        0.0,
        0.0,
        0.0,
        0.0,
        0.0,
        0.0,
        0.0,
        0.0,
        0.0,
        0.0,
        0.0,
        0.0,
        0.0,
        0.0,
        0.0,
        0.0,
        0.0,
        0.0,
        0.0,
        0.0,
        0.0
      ],
      [
        0.0,
        0.0,
        0.0,
        0.0,
        0.0,
        0.0,
        0.0,
        0.0,
        0.0,
        0.0,
        0.0,
        0.0,
        0.0,
        0.0,
        0.0,
        0.0,
        0.0,
        0.0,
        0.0,
        0.0,
        0.0,
        0.0,
        0.0,
        0.0,
        0.0,
        1.0,
        0.0,
        0.0,
        0.0,
        0.0,
        0.0,
        0.0,
        0.0,
        0.0,
        0.0,
        0.0,
        0.0,
        0.0,
        0.0,
        0.0,
        0.0,
        0.0,
        0.0,
        0.0,
        0.0,
        0.0,
        0.0
      ],
      [
        0.0,
        0.0,
        0.0,
        0.0,
        0.0,
        0.0,
        0.0,
        0.0,
        0.0,
        0.0,
        0.0,
        0.0,
        0.0,
        0.0,
        0.0,
        0.0,
        0.0,
        0.0,
        0.0,
        0.0,
        0.0,
        0.0,
        0.0,
        0.0,
        0.0,
        0.0,
        1.0,
        0.0,
        0.0,
        0.0,
        0.0,
        0.0,
        0.0,
        0.0,
        0.0,
        0.0,
        0.0,
        0.0,
        0.0,
        0.0,
        0.0,
        0.0,
        0.0,
        0.0,
        0.0,
        0.0,
        0.0
      ],
      [
        0.0,
        0.0,
        0.0,
        0.0,
        0.0,
        0.0,
        0.0,
        0.0,
        0.0,
        0.0,
        0.0,
        0.0,
        0.0,
        0.0,
        0.0,
        0.0,
        0.0,
        0.0,
        0.0,
        0.0,
        0.0,
        0.0,
        0.0,
        0.0,
        0.0,
        0.0,
        0.0,
        1.0,
        0.0,
        0.0,
        0.0,
        0.0,
        0.0,
        0.0,
        0.0,
        0.0,
        0.0,
        0.0,
        0.0,
        0.0,
        0.0,
        0.0,
        0.0,
        0.0,
        0.0,
        0.0,
        0.0
      ],
      [
        0.0,
        0.0,
        0.0,
        0.0,
        0.0,
        0.0,
        0.0,
        0.0,
        0.0,
        0.0,
        0.0,
        0.0,
        0.0,
        0.0,
        0.0,
        0.0,
        0.0,
        0.0,
        0.0,
        0.0,
        0.0,
        0.0,
        0.0,
        0.0,
        0.0,
        0.0,
        0.0,
        0.0,
        1.0,
        0.0,
        0.0,
        0.0,
        0.0,
        0.0,
        0.0,
        0.0,
        0.0,
        0.0,
        0.0,
        0.0,
        0.0,
        0.0,
        0.0,
        0.0,
        0.0,
        0.0,
        0.0
      ],
      [
        0.0,
        0.0,
        0.0,
        0.0,
        0.0,
        0.0,
        0.0,
        0.0,
        0.0,
        0.0,
        0.0,
        0.0,
        0.0,
        0.0,
        0.0,
        0.0,
        0.0,
        0.0,
        0.0,
        0.0,
        0.0,
        0.0,
        0.0,
        0.0,
        0.0,
        0.0,
        0.0,
        0.0,
        0.0,
        1.0,
        0.0,
        0.0,
        0.0,
        0.0,
        0.0,
        0.0,
        0.0,
        0.0,
        0.0,
        0.0,
        0.0,
        0.0,
        0.0,
        0.0,
        0.0,
        0.0,
        0.0
      ],
      [
        -2.0770755782723427,
        -3.5225416868840114,
        -2.2071675240107425,
        -2.337259474085674,
        -2.0770755782723427,
        -2.2331859183653515,
        -1.0448079416468283,
        -1.6327211960266557,
        -0.6183141503590657,
        -0.8583078717716515,
        0.520785446291129,
        0.0,
        0.4835864878604403,
        0.4463875299721288,
        -0.2603927231455645,
        -1.0043718820258363,
        -0.1487958397029292,
        0.5579844003797638,
        0.0,
        0.0,
        1.1916439353998713,
        -0.022130536796017432,
        1.4039836869589852,
        1.314364620578903,
        0.0,
        0.0,
        0.0,
        0.0,
        0.0,
        0.0,
        1.302754195761072,
        -0.627218887329725,
        0.3552375801158944,
        0.043501701565191245,
        -0.5219198029337926,
        -1.460515157407791,
        0.0,
        0.0,
        0.0,
        0.0,
        -6.07972560167636,
        -2.2071675240107425,
        0.0,
        0.0,
        0.0,
        0.0,
        0.0
      ],
      [
        4.303098194301128,
        7.297684746244334,
        4.572610975613249,
        4.842123765909402,
        4.303098194301128,
        4.626513542662918,
        2.16453903495866,
        3.38252478803613,
        1.2809675927713586,
        1.7781649795888785,
        -1.0789164038981525,
        0.0,
        -1.0018509506589708,
        -0.9247854985434372,
        0.5394582019490762,
        2.0807672465677225,
        0.308261825345915,
        -1.155981848141859,
        0.0,
        0.0,
        -2.4687406276085286,
        0.04584805383227196,
        -2.9086470090012053,
        -2.7229822952319767,
        0.0,
        0.0,
        0.0,
        0.0,
        0.0,
        0.0,
        -0.627218887329725,
        2.299415625386092,
        -0.7359492382190909,
        -0.09012290906185089,
        1.0812664618852257,
        3.0257638202327306,
        0.0,
        0.0,
        0.0,
        0.0,
        12.595428174154582,
        4.572610975613249,
        0.0,
        0.0,
        0.0,
        0.0,
        0.0
      ],
      [
        -2.4371431097388268,
        -4.133185277957233,
        -2.5897869001420677,
        -2.742430695633589,
        -2.4371431097388268,
        -2.6203156643322814,
        -1.2259286578298125,
        -1.9157585094698224,
        -0.725500837071417,
        -1.0070982189311646,
        0.6110652281306452,
        0.0,
        0.5674177142042209,
        0.5237702009141967,
        -0.3055326140653226,
        -1.1784828811729748,
        -0.1745900627225538,
        0.6547127369623075,
        0.0,
        0.0,
        1.3982191292414743,
        -0.02596693439151391,
        1.6473686391818807,
        1.5422138280550621,
        0.0,
        0.0,
        0.0,
        0.0,
        0.0,
        0.0,
        0.3552375801158944,
        -0.7359492382190909,
        1.4168191228840488,
        0.05104285724627202,
        -0.6123962290355273,
        -1.7137000163973857,
        0.0,
        0.0,
        0.0,
        0.0,
        -7.133665001999018,
        -2.5897869001420677,
        0.0,
        0.0,
        0.0,
        0.0,
        0.0
      ],
      [
        -0.29844779428094625,
        -0.5061418118530119,
        -0.3171402552824199,
        -0.3358327169069945,
        -0.29844779428094625,
        -0.32087874823088014,
        -0.1501248336330373,
        -0.23460005254890354,
        -0.0888434181943122,
        -0.123327284653988,
        0.07482985663336457,
        0.0,
        0.06948486716389535,
        0.06413987777235841,
        -0.037414928316682285,
        -0.14431471630749393,
        -0.021379958737147514,
        0.08017484547893915,
        0.0,
        0.0,
        0.17122318889557517,
        -0.003179860165959251,
        0.2017335521938581,
        0.18885649901077556,
        0.0,
        0.0,
        0.0,
        0.0,
        0.0,
        0.0,
        0.043501701565191245,
        -0.09012290906185089,
        0.05104285724627202,
        1.0062506087960559,
        -0.07499284840995918,
        -0.20985636334213628,
        0.0,
        0.0,
        0.0,
        0.0,
        -0.8735747098634448,
        -0.3171402552824199,
        0.0,
        0.0,
        0.0,
        0.0,
        0.0
      ],
      [
        3.580683246254921,
        6.072531081388382,
        3.804949544458127,
        4.029215850137104,
        3.580683246254921,
        3.8498028130750237,
        1.8011507770125978,
        2.814658019322008,
        1.0659155315564752,
        1.4796421702378602,
        -0.8977852043262973,
        0.0,
        -0.8336576932115726,
        -0.769530183031855,
        0.44889260216314864,
        1.7314428076780013,
        0.25651005476815836,
        -0.961912707955729,
        0.0,
        0.0,
        -2.0542822416315523,
        0.03815096723718629,
        -2.42033603325679,
        -2.2658411786218577,
        0.0,
        0.0,
        0.0,
        0.0,
        0.0,
        0.0,
        -0.5219198029337926,
        1.0812664618852257,
        -0.6123962290355273,
        -0.07499284840995918,
        1.8997407286451664,
        2.5177909796423084,
        0.0,
        0.0,
        0.0,
        0.0,
        10.480876012156006,
        3.804949544458127,
        0.0,
        0.0,
        0.0,
        0.0,
        0.0
      ],
      [
        10.020010977983475,
        16.993077551519313,
        10.647586950128517,
        11.27516294319339,
        10.020010977983475,
        10.773102169676244,
        5.040253303343255,
        7.87640299494643,
        2.982806519728174,
        4.140559153673307,
        -2.512318734869427,
        0.0,
        -2.3328674064027624,
        -2.1534160805525766,
        1.2561593674347136,
        4.845185889812676,
        0.7178053427155937,
        -2.6917700423896105,
        0.0,
        0.0,
        -5.748604162231176,
        0.10675982326491329,
        -6.772951405025853,
        -6.340620468994248,
        0.0,
        0.0,
        0.0,
        0.0,
        0.0,
        0.0,
        -1.460515157407791,
        3.0257638202327306,
        -1.7137000163973857,
        -0.20985636334213628,
        2.5177909796423084,
        8.045664617977103,
        0.0,
        0.0,
        0.0,
        0.0,
        29.32917699730266,
        10.647586950128517,
        0.0,
        0.0,
        0.0,
        0.0,
        0.0
      ],
      [
        0.0,
        0.0,
        0.0,
        0.0,
        0.0,
        0.0,
        0.0,
        0.0,
        0.0,
        0.0,
        0.0,
        0.0,
        0.0,
        0.0,
        0.0,
        0.0,
        0.0,
        0.0,
        0.0,
        0.0,
        0.0,
        0.0,
        0.0,
        0.0,
        0.0,
        0.0,
        0.0,
        0.0,
        0.0,
        0.0,
        0.0,
        0.0,
        0.0,
        0.0,
        0.0,
        0.0,
        1.0,
        0.0,
        0.0,
        0.0,
        0.0,
        0.0,
        0.0,
        0.0,
        0.0,
        0.0,
        0.0
      ],
      [
        0.0,
        0.0,
        0.0,
        0.0,
        0.0,
        0.0,
        0.0,
        0.0,
        0.0,
        0.0,
        0.0,
        0.0,
        0.0,
        0.0,
        0.0,
        0.0,
        0.0,
        0.0,
        0.0,
        0.0,
        0.0,
        0.0,
        0.0,
        0.0,
        0.0,
        0.0,
        0.0,
        0.0,
        0.0,
        0.0,
        0.0,
        0.0,
        0.0,
        0.0,
        0.0,
        0.0,
        0.0,
        1.0,
        0.0,
        0.0,
        0.0,
        0.0,
        0.0,
        0.0,
        0.0,
        0.0,
        0.0
      ],
      [
        0.0,
        0.0,
        0.0,
        0.0,
        0.0,
        0.0,
        0.0,
        0.0,
        0.0,
        0.0,
        0.0,
        0.0,
        0.0,
        0.0,
        0.0,
        0.0,
        0.0,
        0.0,
        0.0,
        0.0,
        0.0,
        0.0,
        0.0,
        0.0,
        0.0,
        0.0,
        0.0,
        0.0,
        0.0,
        0.0,
        0.0,
        0.0,
        0.0,
        0.0,
        0.0,
        0.0,
        0.0,
        0.0,
        1.0,
        0.0,
        0.0,
        0.0,
        0.0,
        0.0,
        0.0,
        0.0,
        0.0
      ],
      [
        0.0,
        0.0,
        0.0,
        0.0,
        0.0,
        0.0,
        0.0,
        0.0,
        0.0,
        0.0,
        0.0,
        0.0,
        0.0,
        0.0,
        0.0,
        0.0,
        0.0,
        0.0,
        0.0,
        0.0,
        0.0,
        0.0,
        0.0,
        0.0,
        0.0,
        0.0,
        0.0,
        0.0,
        0.0,
        0.0,
        0.0,
        0.0,
        0.0,
        0.0,
        0.0,
        0.0,
        0.0,
        0.0,
        0.0,
        1.0,
        0.0,
        0.0,
        0.0,
        0.0,
        0.0,
        0.0,
        0.0
      ],
      [
        41.71061021089554,
        70.74428475449164,
        44.32364083869231,
        46.936671553722285,
        41.71061021089554,
        44.846247068931504,
        20.98067584878929,
        32.7873771806826,
        12.41712628982297,
        17.236041167921115,
        -10.458123588101952,
        0.0,
        -9.71111480088151,
        -8.964106024565218,
        5.229061794050976,
        20.169237342185113,
        2.988035268827409,
        -11.205132288089196,
        0.0,
        0.0,
        -23.929871092912723,
        0.4444120235995282,
        -28.193949255433456,
        -26.394273494913527,
        0.0,
        0.0,
        0.0,
        0.0,
        0.0,
        0.0,
        -6.07972560167636,
        12.595428174154582,
        -7.133665001999018,
        -0.8735747098634448,
        10.480876012156006,
        29.32917699730266,
        0.0,
        0.0,
        0.0,
        0.0,
        123.0894739765097,
        44.32364083869231,
        0.0,
        0.0,
        0.0,
        0.0,
        0.0
      ],
      [
        15.142714977264404,
        25.715871094906866,
        16.094298998079836,
        17.045883051297977,
        15.142714977264404,
        16.28461584082133,
        7.6142125653232435,
        11.903354520358693,
        4.510416130458936,
        6.2574467619890015,
        -3.7968220451084207,
        0.0,
        -3.52562048498121,
        -3.254418928873704,
        1.8984110225542103,
        7.322442149861245,
        1.0848062833449141,
        -4.0680235733769825,
        0.0,
        0.0,
        -8.687449095920096,
        0.1613383882095678,
        -10.235470888738785,
        -9.58212046010245,
        0.0,
        0.0,
        0.0,
        0.0,
        0.0,
        0.0,
        -2.2071675240107425,
        4.572610975613249,
        -2.5897869001420677,
        -0.3171402552824199,
        3.804949544458127,
        10.647586950128517,
        0.0,
        0.0,
        0.0,
        0.0,
        44.32364083869231,
        17.094298998079836,
        0.0,
        0.0,
        0.0,
        0.0,
        0.0
      ],
      [
        0.0,
        0.0,
        0.0,
        0.0,
        0.0,
        0.0,
        0.0,
        0.0,
        0.0,
        0.0,
        0.0,
        0.0,
        0.0,
        0.0,
        0.0,
        0.0,
        0.0,
        0.0,
        0.0,
        0.0,
        0.0,
        0.0,
        0.0,
        0.0,
        0.0,
        0.0,
        0.0,
        0.0,
        0.0,
        0.0,
        0.0,
        0.0,
        0.0,
        0.0,
        0.0,
        0.0,
        0.0,
        0.0,
        0.0,
        0.0,
        0.0,
        0.0,
        1.0,
        0.0,
        0.0,
        0.0,
        0.0
      ],
      [
        0.0,
        0.0,
        0.0,
        0.0,
        0.0,
        0.0,
        0.0,
        0.0,
        0.0,
        0.0,
        0.0,
        0.0,
        0.0,
        0.0,
        0.0,
        0.0,
        0.0,
        0.0,
        0.0,
        0.0,
        0.0,
        0.0,
        0.0,
        0.0,
        0.0,
