{
  "A": [
    [
      [
        17.75,
        27.309237480163574,
        17.700331330299377,
        18.650662750005722,
        16.75,
        17.890397638082504,
        8.537061676383018,
        12.971818745136261,
        5.013887748122215,
        6.977231867611408,
        -4.821705497801304,
        0.9040698036551476,
        -3.61627921462059,
        -3.9176357612013817,
        2.7122093215584755,
        7.835271522402763,
        1.808139607310295,
        -4.520348891615868,
        0.0,
        0.0,
        0.9404029813376837,
        1.76342559789191,
        -0.17795434105210006,
        0.6126692523248494,
        1.8109813297633082,
        0.3865632275119424,
        0.0,
        0.0,
        0.0,
        0.0,
        -1.626018864568323,
        2.42487327195704,
        -2.428111326065846,
        -1.6655717831745278,
        0.0,
        0.0,
        0.0,
        0.0,
        0.0,
        0.0,
        48.26162672042847,
        17.700331330299377,
        0.0,
        0.011897864751517773,
        0.0,
        0.0,
        0.0
      ],
      [
        27.309237480163574,
        46.176555104042876,
        28.917296002985196,
        30.525354643401517,
        27.309237480163574,
        29.238907749741404,
        13.858536898300425,
        21.22593431136916,
        8.179706081514041,
        11.354297716978328,
        -7.863250865574334,
        1.4743595743393159,
        -5.897438297357263,
        -6.388891403283671,
        4.423078579840292,
        12.777782806567343,
        2.9487191486786317,
        -7.371797664231848,
        0.0,
        0.0,
        1.4831820245530307,
        2.762907454895564,
        -0.6050575451672737,
        1.1758063836033137,
        2.8923328715230228,
        0.7404496918771385,
        0.0,
        0.0,
        0.0,
        0.0,
        -2.715149516625157,
        3.396253178441623,
        -3.7919585459169074,
        -2.9748338530319685,
        0.0,
        0.0,
        0.0,
        0.0,
        0.0,
        0.0,
        78.68586418600572,
        28.917296002985196,
        0.0,
        0.023443226200903777,
        0.0,
        0.0,
        0.0
      ],
      [
        17.700331330299377,
        28.917296002985196,
        19.70985810608868,
        19.719384973821803,
        17.700331330299377,
        18.911763503011944,
        9.015994423827914,
        13.714689113351366,
        5.2988113855751795,
        7.371167776049574,
        -5.095444568566811,
        0.9553958807040853,
        -3.8215835228163413,
        -4.14004875896736,
        2.8661875478659273,
        8.28009751793472,
        1.9107917614081706,
        -4.776979269588119,
        0.0,
        0.0,
        0.9892530625831023,
        1.8533789577479711,
        -0.21639364401733352,
        0.6633516036220253,
        1.9083029592237903,
        0.4184130638815412,
        0.0,
        0.0,
        0.0,
        0.0,
        -1.7240406155944585,
        2.512297429667226,
        -2.5508575406091363,
        -1.7834054424109407,
        0.0,
        0.0,
        0.0,
        0.0,
        0.0,
        0.0,
        50.999807968678816,
        18.70985810608868,
        0.0,
        0.012936947636546514,
        0.0,
        0.0,
        0.0
      ],
      [
        18.650662750005722,
        30.525354643401517,
        19.719384973821803,
        21.78810729211867,
        18.650662750005722,
        19.93312946039263,
        9.494927219551007,
        14.457559547404646,
        5.583735049534524,
        7.765103722678913,
        -5.369183664985776,
        1.0067219625630466,
        -4.026887850252186,
        -4.3624617775767724,
        3.0201657886034483,
        8.724923555153545,
        2.013443925126093,
        -5.0336096716104874,
        0.0,
        0.0,
        1.0381032460748172,
        1.943332312878566,
        -0.2548329088038874,
        0.7140339197686054,
        2.005624636931671,
        0.45026281467107443,
        0.0,
        0.0,
        0.0,
        0.0,
        -1.822062382275583,
        2.599721712155277,
        -2.673603887896731,
        -1.9012389751067809,
        0.0,
        0.0,
        0.0,
        0.0,
        0.0,
        0.0,
        53.737989474536676,
        19.719384973821803,
        0.0,
        0.013976029103239251,
        0.0,
        0.0,
        0.0
      ],
      [
        16.75,
        27.309237480163574,
        17.700331330299377,
        18.650662750005722,
        17.75,
        17.890397638082504,
        8.537061676383018,
        12.971818745136261,
        5.013887748122215,
        6.977231867611408,
        -4.821705497801304,
        0.9040698036551476,
        -3.61627921462059,
        -3.9176357612013817,
        2.7122093215584755,
        7.835271522402763,
        1.808139607310295,
        -4.520348891615868,
        0.0,
        0.0,
        0.9404029813376837,
        1.76342559789191,
        -0.17795434105210006,
        0.6126692523248494,
        1.8109813297633082,
        0.3865632275119424,
        0.0,
        0.0,
        0.0,
        0.0,
        -1.626018864568323,
        2.42487327195704,
        -2.428111326065846,
        -1.6655717831745278,
        0.0,
        0.0,
        0.0,
        0.0,
        0.0,
        0.0,
        48.26162672042847,
        17.700331330299377,
        0.0,
        0.011897864751517773,
        0.0,
        0.0,
        0.0
      ],
      [
        17.890397638082504,
        29.238907749741404,
        18.911763503011944,
        19.93312946039263,
        17.890397638082504,
        20.11603671777171,
        9.111780997226141,
        13.863263214151996,
        5.35579612658393,
        7.449954976598692,
        -5.150192394653934,
        0.9656610983515019,
        -3.8626443934060077,
        -4.184531368216947,
        2.8969831998403044,
        8.369062736433895,
        1.9313221967030039,
        -4.828305356370716,
        0.0,
        0.0,
        0.9990231342314166,
        1.8713696687195869,
        -0.22408148843151432,
        0.6734880571555664,
        1.9277673078478186,
        0.42478294356355795,
        0.0,
        0.0,
        0.0,
        0.0,
        -1.7436449061170198,
        2.529782360503939,
        -2.5754068353882467,
        -1.8069720652550993,
        0.0,
        0.0,
        0.0,
        0.0,
        0.0,
        0.0,
        51.54744433854572,
        18.911763503011944,
        0.0,
        0.01314476364621786,
        0.0,
        0.0,
        0.0
      ],
      [
        8.537061676383018,
        13.858536898300425,
        9.015994423827914,
        9.494927219551007,
        8.537061676383018,
        9.111780997226141,
        5.356955915850186,
        6.6014209523327905,
        2.556771787902093,
        3.5589747169733865,
        -2.457325537006681,
        0.46074854983028,
        -1.84299419932112,
        -1.9965770211683478,
        1.3822456037663409,
        3.9931540423366956,
        0.92149709966056,
        -2.3037426848073586,
        0.0,
        0.0,
        0.48595601703099855,
        0.9094431029582493,
        -0.05857234167907205,
        0.29593460588182463,
        0.9265974468965016,
        0.1906909409823852,
        0.0,
        0.0,
        0.0,
        0.0,
        -0.8255559409062547,
        1.2882316737292592,
        -1.252243557212768,
        -0.8251670656838722,
        0.0,
        0.0,
        0.0,
        0.0,
        0.0,
        0.0,
        24.597760234150208,
        9.015994423827914,
        0.0,
        0.005822146965759473,
        0.0,
        0.0,
        0.0
      ],
      [
        12.971818745136261,
        21.22593431136916,
        13.714689113351366,
        14.457559547404646,
        12.971818745136261,
        13.863263214151996,
        6.6014209523327905,
        11.090097559905452,
        3.861795233932136,
        5.390323770559339,
        -3.734333992010375,
        0.7001876411324875,
        -2.80075056452995,
        -3.0341464020921225,
        2.100562853441738,
        6.068292804184245,
        1.400375282264975,
        -3.5009381062298925,
        0.0,
        0.0,
        0.7096905295904586,
        1.349804790301949,
        -0.2078537575739574,
        0.4920921183357203,
        1.4074232081181945,
        0.2570147292948288,
        0.0,
        0.0,
        0.0,
        0.0,
        -1.2139694222292226,
        1.795920217132311,
        -1.8657534983976012,
        -1.3201197384125642,
        0.0,
        0.0,
        0.0,
        0.0,
        0.0,
        0.0,
        37.37558652501107,
        13.714689113351366,
        0.0,
        0.008075260581510979,
        0.0,
        0.0,
        0.0
      ],
      [
        5.013887748122215,
        8.179706081514041,
        5.2988113855751795,
        5.583735049534524,
        5.013887748122215,
        5.35579612658393,
        2.556771787902093,
        3.861795233932136,
        2.514300782687651,
        2.0949077032755605,
        -1.4433278792319726,
        0.27062398420233186,
        -1.0824959368093274,
        -1.1727039157794914,
        0.8118719264942799,
        2.345407831558983,
        0.5412479684046637,
        -1.3531198838284604,
        0.0,
        0.0,
        0.28800180937660824,
        0.5285651469252326,
        -0.03560324535248294,
        0.18694692699191595,
        0.5351788730532426,
        0.15137195856491087,
        0.0,
        0.0,
        0.0,
        0.0,
        -0.5213758104301837,
        0.7322544653759214,
        -0.7227949790588922,
        -0.5005037717072057,
        0.0,
        0.0,
        0.0,
        0.0,
        0.0,
        0.0,
        14.446470377295059,
        5.2988113855751795,
        0.0,
        0.004589829628934561,
        0.0,
        0.0,
        0.0
      ],
      [
        6.977231867611408,
        11.354297716978328,
        7.371167776049574,
        7.765103722678913,
        6.977231867611408,
        7.449954976598692,
        3.5589747169733865,
        5.390323770559339,
        2.0949077032755605,
        3.910257560617703,
        -2.008423598039074,
        0.3765794341487259,
        -1.5063177365949036,
        -1.6318441920447662,
        1.1297382654251826,
        3.2636883840895323,
        0.7531588682974518,
        -1.8828971183836742,
        0.0,
        0.0,
        0.39715760149264523,
        0.7390381653063501,
        -0.053879291603796536,
        0.2503648657019052,
        0.7527631111969436,
        0.17404881874593867,
        0.0,
        0.0,
        0.0,
        0.0,
        -0.6911365625843015,
        1.0333401201225643,
        -1.0154306110314277,
        -0.6853530406018478,
        0.0,
        0.0,
        0.0,
        0.0,
        0.0,
        0.0,
        20.103436411737043,
        7.371167776049574,
        0.0,
        0.005308492681414534,
        0.0,
        0.0,
        0.0
      ],
      [
        -4.821705497801304,
        -7.863250865574334,
        -5.095444568566811,
        -5.369183664985776,
        -4.821705497801304,
        -5.150192394653934,
        -2.457325537006681,
        -3.734333992010375,
        -1.4433278792319726,
        -2.008423598039074,
        2.387996406844424,
        -0.2602493328511485,
        1.040997331404594,
        1.1277470933040628,
        -0.7807479728241721,
        -2.2554941866081255,
        -0.520498665702297,
        1.3012466277922177,
        0.0,
        0.0,
        -0.27055910666080074,
        -0.5072924683502228,
        0.05215991810638765,
        -0.17688922172124377,
        -0.5211355400888679,
        -0.11160393290547821,
        0.0,
        0.0,
        0.0,
        0.0,
        0.46826044598174643,
        -0.6963792402832207,
        0.698468771116697,
        0.48022519353574833,
        0.0,
        0.0,
        0.0,
        0.0,
        0.0,
        0.0,
        -13.89273736658006,
        -5.095444568566811,
        0.0,
        -0.0034369508096168677,
        0.0,
        0.0,
        0.0
      ],
      [
        0.9040698036551476,
        1.4743595743393159,
        0.9553958807040853,
        1.0067219625630466,
        0.9040698036551476,
        0.9656610983515019,
        0.46074854983028,
        0.7001876411324875,
        0.27062398420233186,
        0.3765794341487259,
        -0.2602493328511485,
        1.0487967511410563,
        -0.1951870045642256,
        -0.21145258533086475,
        0.14639024859893038,
        0.4229051706617295,
        0.0975935022821128,
        -0.24398374886837104,
        0.0,
        0.0,
        0.05072983207439984,
        0.0951173396883111,
        -0.00977998234226421,
        0.0331667324001175,
        0.09771291716332417,
        0.020925738259584062,
        0.0,
        0.0,
        0.0,
        0.0,
        -0.08779883663482058,
        0.1305711105326096,
        -0.13096289616301082,
        -0.09004222500843109,
        0.0,
        0.0,
        0.0,
        0.0,
        0.0,
        0.0,
        2.604888321977342,
        0.9553958807040853,
        0.0,
        0.0006444282768031627,
        0.0,
        0.0,
        0.0
      ],
      [
        -3.61627921462059,
        -5.897438297357263,
        -3.8215835228163413,
        -4.026887850252186,
        -3.61627921462059,
        -3.8626443934060077,
        -1.84299419932112,
        -2.80075056452995,
        -1.0824959368093274,
        -1.5063177365949036,
        1.040997331404594,
        -0.1951870045642256,
        1.7807480182569013,
        0.845810341323459,
        -0.5855609943957215,
        -1.691620682646918,
        -0.3903740091284512,
        0.9759349954734842,
        0.0,
        0.0,
        -0.20291932829759937,
        -0.3804693587532444,
        0.03911992936905684,
        -0.13266692960047,
        -0.3908516686532967,
        -0.08370295303833625,
        0.0,
        0.0,
        0.0,
        0.0,
        0.3511953465392823,
        -0.5222844421304385,
        0.5238515846520433,
        0.36016890003372437,
        0.0,
        0.0,
        0.0,
        0.0,
        0.0,
        0.0,
        -10.419553287909368,
        -3.8215835228163413,
        0.0,
        -0.002577713107212651,
        0.0,
        0.0,
        0.0
      ],
      [
        -3.9176357612013817,
        -6.388891403283671,
        -4.14004875896736,
        -4.3624617775767724,
        -3.9176357612013817,
        -4.184531368216947,
        -1.9965770211683478,
        -3.0341464020921225,
        -1.1727039157794914,
        -1.6318441920447662,
        1.1277470933040628,
        -0.21145258533086475,
        0.845810341323459,
        1.9162945236632112,
        -0.6343577350875595,
        -1.8325890473264241,
        -0.4229051706617295,
        1.0572628970277094,
        0.0,
        0.0,
        -0.2198292678890355,
        -0.4121751376893379,
        0.042379929081056755,
        -0.1437224999442847,
        -0.4234226366791385,
        -0.09067820189285576,
        0.0,
        0.0,
        0.0,
        0.0,
        0.38046160838639365,
        -0.5658081384709746,
        0.5675058706596183,
        0.39018297181175576,
        0.0,
        0.0,
        0.0,
        0.0,
        0.0,
        0.0,
        -11.287849237808343,
        -4.14004875896736,
        0.0,
        -0.002792522577136705,
        0.0,
        0.0,
        0.0
      ],
      [
        2.7122093215584755,
        4.423078579840292,
        2.8661875478659273,
        3.0201657886034483,
        2.7122093215584755,
        2.8969831998403044,
        1.3822456037663409,
        2.100562853441738,
        0.8118719264942799,
        1.1297382654251826,
        -0.7807479728241721,
        0.14639024859893038,
        -0.5855609943957215,
        -0.6343577350875595,
        1.4391707313240736,
        1.268715470175119,
        0.29278049719786076,
        -0.7319512224839193,
        0.0,
        0.0,
        0.15218949078961413,
        0.2853520145453185,
        -0.029339952221363486,
        0.09950019543076702,
        0.29313873946682245,
        0.06277721751796807,
        0.0,
        0.0,
        0.0,
        0.0,
        -0.2633964914955196,
        0.3917133205590836,
        -0.3928886726375858,
        -0.2701266658837227,
        0.0,
        0.0,
        0.0,
        0.0,
        0.0,
        0.0,
        7.814664708324526,
        2.8661875478659273,
        0.0,
        0.0019332848747324882,
        0.0,
        0.0,
        0.0
      ],
      [
        7.835271522402763,
        12.777782806567343,
        8.28009751793472,
        8.724923555153545,
        7.835271522402763,
        8.369062736433895,
        3.9931540423366956,
        6.068292804184245,
        2.345407831558983,
        3.2636883840895323,
        -2.2554941866081255,
        0.4229051706617295,
        -1.691620682646918,
        -1.8325890473264241,
        1.268715470175119,
        4.6651780946528465,
        0.845810341323459,
        -2.1145257940554187,
        0.0,
        0.0,
        0.439658535778071,
        0.8243502753786758,
        -0.08475985816211351,
        0.2874449998885694,
        0.846845273358277,
        0.18135640378571152,
        0.0,
        0.0,
        0.0,
        0.0,
        -0.7609232167727873,
        1.131616276941949,
        -1.1350117413192367,
        -0.7803659436235115,
        0.0,
        0.0,
        0.0,
        0.0,
        0.0,
        0.0,
        22.575698475616687,
        8.28009751793472,
        0.0,
        0.00558504515427341,
        0.0,
        0.0,
        0.0
      ],
      [
        1.808139607310295,
        2.9487191486786317,
        1.9107917614081706,
        2.013443925126093,
        1.808139607310295,
        1.9313221967030039,
        0.92149709966056,
        1.400375282264975,
        0.5412479684046637,
        0.7531588682974518,
        -0.520498665702297,
        0.0975935022821128,
        -0.3903740091284512,
        -0.4229051706617295,
        0.29278049719786076,
        0.845810341323459,
        1.1951870045642259,
        -0.4879674977367421,
        0.0,
        0.0,
        0.10145966414879969,
        0.1902346793766222,
        -0.01955996468452842,
        0.066333464800235,
        0.19542583432664834,
        0.041851476519168124,
        0.0,
        0.0,
        0.0,
        0.0,
        -0.17559767326964115,
        0.2611422210652192,
        -0.26192579232602164,
        -0.18008445001686219,
        0.0,
        0.0,
        0.0,
        0.0,
        0.0,
        0.0,
        5.209776643954684,
        1.9107917614081706,
        0.0,
        0.0012888565536063254,
        0.0,
        0.0,
        0.0
      ],
      [
        -4.520348891615868,
        -7.371797664231848,
        -4.776979269588119,
        -5.0336096716104874,
        -4.520348891615868,
        -4.828305356370716,
        -2.3037426848073586,
        -3.5009381062298925,
        -1.3531198838284604,
        -1.8828971183836742,
        1.3012466277922177,
        -0.24398374886837104,
        0.9759349954734842,
        1.0572628970277094,
        -0.7319512224839193,
        -2.1145257940554187,
        -0.4879674977367421,
        2.219918710157301,
        0.0,
        0.0,
        -0.2536491633706448,
        -0.4755866855819377,
        0.04889990612956259,
        -0.1658336600636129,
        -0.48856457325649366,
        -0.10462868898074063,
        0.0,
        0.0,
        0.0,
        0.0,
        0.4389941512041293,
        -0.6528555201578533,
        0.654814443947163,
        0.4502111165860749,
        0.0,
        0.0,
        0.0,
        0.0,
        0.0,
        0.0,
        -13.024441244942752,
        -4.776979269588119,
        0.0,
        -0.0032221413396928134,
        0.0,
        0.0,
        0.0
      ],
      [
        0.0,
        0.0,
        0.0,
        0.0,
        0.0,
        0.0,
        0.0,
        0.0,
        0.0,
        0.0,
        0.0,
        0.0,
        0.0,
        0.0,
        0.0,
        0.0,
        0.0,
        0.0,
        1.0,
        0.0,
        0.0,
        0.0,
        0.0,
        0.0,
        0.0,
        0.0,
        0.0,
        0.0,
        0.0,
        0.0,
        0.0,
        0.0,
        0.0,
        0.0,
        0.0,
        0.0,
        0.0,
        0.0,
        0.0,
        0.0,
        0.0,
        0.0,
        0.0,
        0.0,
        0.0,
        0.0,
        0.0
      ],
      [
        0.0,
        0.0,
        0.0,
        0.0,
        0.0,
        0.0,
        0.0,
        0.0,
        0.0,
        0.0,
        0.0,
        0.0,
        0.0,
        0.0,
        0.0,
        0.0,
        0.0,
        0.0,
        0.0,
        1.0,
        0.0,
        0.0,
        0.0,
        0.0,
        0.0,
        0.0,
        0.0,
        0.0,
        0.0,
        0.0,
        0.0,
        0.0,
        0.0,
        0.0,
        0.0,
        0.0,
        0.0,
        0.0,
        0.0,
        0.0,
        0.0,
        0.0,
        0.0,
        0.0,
        0.0,
        0.0,
        0.0
      ],
      [
        0.9404029813376837,
        1.4831820245530307,
        0.9892530625831023,
        1.0381032460748172,
        0.9404029813376837,
        0.9990231342314166,
        0.48595601703099855,
        0.7096905295904586,
        0.28800180937660824,
        0.39715760149264523,
        -0.27055910666080074,
        0.05072983207439984,
        -0.20291932829759937,
        -0.2198292678890355,
        0.15218949078961413,
        0.439658535778071,
        0.10145966414879969,
        -0.2536491633706448,
        0.0,
        0.0,
        3.2327117445187623,
        0.3608450689152114,
        -0.09747925132483676,
        -0.06916555696657747,
        0.0008475950744364635,
        -0.22709808275773402,
        0.0,
        0.0,
        0.0,
        0.0,
        -0.37800527368306147,
        -0.21445463698329292,
        -0.12053144338052346,
        -0.02827639394679407,
        0.0,
        0.0,
        0.0,
        0.0,
        0.0,
        0.0,
        2.7095749297150027,
        0.9892530625831023,
        0.0,
        0.006241320924688654,
        0.0,
        0.0,
        0.0
      ],
      [
        1.76342559789191,
        2.762907454895564,
        1.8533789577479711,
        1.943332312878566,
        1.76342559789191,
        1.8713696687195869,
        0.9094431029582493,
        1.349804790301949,
        0.5285651469252326,
        0.7390381653063501,
        -0.5072924683502228,
        0.0951173396883111,
        -0.3804693587532444,
        -0.4121751376893379,
        0.2853520145453185,
        0.8243502753786758,
        0.1902346793766222,
        -0.4755866855819377,
        0.0,
        0.0,
        0.3608450689152114,
        3.432603740164629,
        -0.32722524159877925,
        0.07318580128211638,
        0.28660450441404073,
        -0.2667418707660539,
        0.0,
        0.0,
        0.0,
        0.0,
        0.26842752526147345,
        0.20816024788567225,
        -0.043706544676394066,
        0.1592204758262481,
        0.0,
        0.0,
        0.0,
        0.0,
        0.0,
        0.0,
        5.0809426595641085,
        1.8533789577479711,
        0.0,
        -0.005395888418489314,
        0.0,
        0.0,
        0.0
      ],
      [
        -0.17795434105210006,
        -0.6050575451672737,
        -0.21639364401733352,
        -0.2548329088038874,
        -0.17795434105210006,
        -0.22408148843151432,
        -0.05857234167907205,
        -0.2078537575739574,
        -0.03560324535248294,
        -0.053879291603796536,
        0.05215991810638765,
        -0.00977998234226421,
        0.03911992936905684,
        0.042379929081056755,
        -0.029339952221363486,
        -0.08475985816211351,
        -0.01955996468452842,
        0.04889990612956259,
        0.0,
        0.0,
        -0.09747925132483676,
        -0.32722524159877925,
        3.3471260360154105,
        -0.01587382254982958,
        0.06204258167461761,
        -0.12993437884860837,
        0.0,
        0.0,
        0.0,
        0.0,
        0.18217719751096828,
        -0.18486988389491166,
        0.16932530486771646,
        -0.5914034927734096,
        0.0,
        0.0,
        0.0,
        0.0,
        0.0,
        0.0,
        -0.5127382884613074,
        -0.21639364401733352,
        0.0,
        0.002601411728922823,
        0.0,
        0.0,
        0.0
      ],
      [
        0.6126692523248494,
        1.1758063836033137,
        0.6633516036220253,
        0.7140339197686054,
        0.6126692523248494,
        0.6734880571555664,
        0.29593460588182463,
        0.4920921183357203,
        0.18694692699191595,
        0.2503648657019052,
        -0.17688922172124377,
        0.0331667324001175,
        -0.13266692960047,
        -0.1437224999442847,
        0.09950019543076702,
        0.2874449998885694,
        0.066333464800235,
        -0.1658336600636129,
        0.0,
        0.0,
        -0.06916555696657747,
        0.07318580128211638,
        -0.01587382254982958,
        3.800420289299298,
        -0.030978948454109242,
        -0.006521786966857873,
        0.0,
        0.0,
        0.0,
        0.0,
        -0.5867301788350098,
        -0.44120278009056113,
        0.19697647221725564,
        0.41038049595039083,
        0.0,
        0.0,
        0.0,
        0.0,
        0.0,
        0.0,
        1.7652785226452323,
        0.6633516036220253,
        0.0,
        0.0039166519029412705,
        0.0,
        0.0,
        0.0
      ],
      [
        1.8109813297633082,
        2.8923328715230228,
        1.9083029592237903,
        2.005624636931671,
        1.8109813297633082,
        1.9277673078478186,
        0.9265974468965016,
        1.4074232081181945,
        0.5351788730532426,
        0.7527631111969436,
        -0.5211355400888679,
        0.09771291716332417,
        -0.3908516686532967,
        -0.4234226366791385,
        0.29313873946682245,
        0.846845273358277,
        0.19542583432664834,
        -0.48856457325649366,
        0.0,
        0.0,
        0.0008475950744364635,
        0.28660450441404073,
        0.06204258167461761,
        -0.030978948454109242,
        2.591618923710003,
        -0.08793655172957093,
        0.0,
        0.0,
        0.0,
        0.0,
        -0.04843410746595933,
        0.35420106365281234,
        -0.38094455852216835,
        0.07056396040589316,
        0.0,
        0.0,
        0.0,
        0.0,
        0.0,
        0.0,
        5.21796442640568,
        1.9083029592237903,
        0.0,
        -0.0032363449110228704,
        0.0,
        0.0,
        0.0
      ],
      [
        0.3865632275119424,
        0.7404496918771385,
        0.4184130638815412,
        0.45026281467107443,
        0.3865632275119424,
        0.42478294356355795,
        0.1906909409823852,
        0.2570147292948288,
        0.15137195856491087,
        0.17404881874593867,
        -0.11160393290547821,
        0.020925738259584062,
        -0.08370295303833625,
        -0.09067820189285576,
        0.06277721751796807,
        0.18135640378571152,
        0.041851476519168124,
        -0.10462868898074063,
        0.0,
        0.0,
        -0.22709808275773402,
        -0.2667418707660539,
        -0.12993437884860837,
        -0.006521786966857873,
        -0.08793655172957093,
        3.1166509362308843,
        0.0,
        0.0,
        0.0,
        0.0,
        -0.285498484711722,
        0.09958108918768968,
        0.09873864035488655,
        -0.11340486252985274,
        0.0,
        0.0,
        0.0,
        0.0,
        0.0,
        0.0,
        1.1138011009399351,
        0.4184130638815412,
        0.0,
        0.003626653604762581,
        0.0,
        0.0,
        0.0
      ],
      [
        0.0,
        0.0,
        0.0,
        0.0,
        0.0,
        0.0,
        0.0,
        0.0,
        0.0,
        0.0,
        0.0,
        0.0,
        0.0,
        0.0,
        0.0,
        0.0,
        0.0,
        0.0,
        0.0,
        0.0,
        0.0,
        0.0,
        0.0,
        0.0,
        0.0,
        0.0,
        1.0,
        0.0,
        0.0,
        0.0,
        0.0,
        0.0,
        0.0,
        0.0,
        0.0,
        0.0,
        0.0,
        0.0,
        0.0,
        0.0,
        0.0,
        0.0,
        0.0,
        0.0,
        0.0,
        0.0,
        0.0
      ],
      [
        0.0,
        0.0,
        0.0,
        0.0,
        0.0,
        0.0,
        0.0,
        0.0,
        0.0,
        0.0,
        0.0,
        0.0,
        0.0,
        0.0,
        0.0,
        0.0,
        0.0,
        0.0,
        0.0,
        0.0,
        0.0,
        0.0,
        0.0,
        0.0,
        0.0,
        0.0,
        0.0,
        1.0,
        0.0,
        0.0,
        0.0,
        0.0,
        0.0,
        0.0,
        0.0,
        0.0,
        0.0,
        0.0,
        0.0,
        0.0,
        0.0,
        0.0,
        0.0,
        0.0,
        0.0,
        0.0,
        0.0
      ],
      [
        0.0,
        0.0,
        0.0,
        0.0,
        0.0,
        0.0,
        0.0,
        0.0,
        0.0,
        0.0,
        0.0,
        0.0,
        0.0,
        0.0,
        0.0,
        0.0,
        0.0,
        0.0,
        0.0,
        0.0,
        0.0,
        0.0,
        0.0,
        0.0,
        0.0,
        0.0,
        0.0,
        0.0,
        1.0,
        0.0,
        0.0,
        0.0,
        0.0,
        0.0,
        0.0,
        0.0,
        0.0,
        0.0,
        0.0,
        0.0,
        0.0,
        0.0,
        0.0,
        0.0,
        0.0,
        0.0,
        0.0
      ],
      [
        0.0,
        0.0,
        0.0,
        0.0,
        0.0,
        0.0,
        0.0,
        0.0,
        0.0,
        0.0,
        0.0,
        0.0,
        0.0,
        0.0,
        0.0,
        0.0,
        0.0,
        0.0,
        0.0,
        0.0,
        0.0,
        0.0,
        0.0,
        0.0,
        0.0,
        0.0,
        0.0,
        0.0,
        0.0,
        1.0,
        0.0,
        0.0,
        0.0,
        0.0,
        0.0,
        0.0,
        0.0,
        0.0,
        0.0,
        0.0,
        0.0,
        0.0,
        0.0,
        0.0,
        0.0,
        0.0,
        0.0
      ],
      [
        -1.626018864568323,
        -2.715149516625157,
        -1.7240406155944585,
        -1.822062382275583,
        -1.626018864568323,
        -1.7436449061170198,
        -0.8255559409062547,
        -1.2139694222292226,
        -0.5213758104301837,
        -0.6911365625843015,
        0.46826044598174643,
        -0.08779883663482058,
        0.3511953465392823,
        0.38046160838639365,
        -0.2633964914955196,
        -0.7609232167727873,
        -0.17559767326964115,
        0.4389941512041293,
        0.0,
        0.0,
        -0.37800527368306147,
        0.26842752526147345,
        0.18217719751096828,
        -0.5867301788350098,
        -0.04843410746595933,
        -0.285498484711722,
        0.0,
        0.0,
        0.0,
        0.0,
        7.214920163963406,
        -0.5945060957917588,
        -0.8669098761153826,
        0.5962302787444752,
        0.0,
        0.0,
        0.0,
        0.0,
        0.0,
        0.0,
        -4.685033730500648,
        -1.7240406155944585,
        0.0,
        -0.009521292432864703,
        0.0,
        0.0,
        0.0
      ],
      [
        2.42487327195704,
        3.396253178441623,
        2.512297429667226,
        2.599721712155277,
        2.42487327195704,
        2.529782360503939,
        1.2882316737292592,
        1.795920217132311,
        0.7322544653759214,
        1.0333401201225643,
        -0.6963792402832207,
        0.1305711105326096,
        -0.5222844421304385,
        -0.5658081384709746,
        0.3917133205590836,
        1.131616276941949,
        0.2611422210652192,
        -0.6528555201578533,
        0.0,
        0.0,
        -0.21445463698329292,
        0.20816024788567225,
        -0.18486988389491166,
        -0.44120278009056113,
        0.35420106365281234,
        0.09958108918768968,
        0.0,
        0.0,
        0.0,
        0.0,
        -0.5945060957917588,
        6.79874603398897,
        -0.3250020199132261,
        0.37703833366643735,
        0.0,
        0.0,
        0.0,
        0.0,
        0.0,
        0.0,
        6.98676588532377,
        2.512297429667226,
        0.0,
        -0.009341094261867133,
        0.0,
        0.0,
        0.0
      ],
      [
        -2.428111326065846,
        -3.7919585459169074,
        -2.5508575406091363,
        -2.673603887896731,
        -2.428111326065846,
        -2.5754068353882467,
        -1.252243557212768,
        -1.8657534983976012,
        -0.7227949790588922,
        -1.0154306110314277,
        0.698468771116697,
        -0.13096289616301082,
        0.5238515846520433,
        0.5675058706596183,
        -0.3928886726375858,
        -1.1350117413192367,
        -0.26192579232602164,
        0.654814443947163,
        0.0,
        0.0,
        -0.12053144338052346,
        -0.043706544676394066,
        0.16932530486771646,
        0.19697647221725564,
        -0.38094455852216835,
        0.09873864035488655,
        0.0,
        0.0,
        0.0,
        0.0,
        -0.8669098761153826,
        -0.3250020199132261,
        5.827650530406206,
        0.24245752443207363,
        0.0,
        0.0,
        0.0,
        0.0,
        0.0,
        0.0,
        -6.996095486404695,
        -2.5508575406091363,
        0.0,
        0.0026880105384552433,
        0.0,
        0.0,
        0.0
      ],
      [
        -1.6655717831745278,
        -2.9748338530319685,
        -1.7834054424109407,
        -1.9012389751067809,
        -1.6655717831745278,
        -1.8069720652550993,
        -0.8251670656838722,
        -1.3201197384125642,
        -0.5005037717072057,
        -0.6853530406018478,
        0.48022519353574833,
        -0.09004222500843109,
        0.36016890003372437,
        0.39018297181175576,
        -0.2701266658837227,
        -0.7803659436235115,
        -0.18008445001686219,
        0.4502111165860749,
        0.0,
        0.0,
        -0.02827639394679407,
        0.1592204758262481,
        -0.5914034927734096,
        0.41038049595039083,
        0.07056396040589316,
        -0.11340486252985274,
        0.0,
        0.0,
        0.0,
        0.0,
        0.5962302787444752,
        0.37703833366643735,
        0.24245752443207363,
        6.4632507528349725,
        0.0,
        0.0,
        0.0,
        0.0,
        0.0,
        0.0,
        -4.798997274288446,
        -1.7834054424109407,
        0.0,
        -0.0015919238429577126,
        0.0,
        0.0,
        0.0
      ],
      [
        0.0,
        0.0,
        0.0,
        0.0,
        0.0,
        0.0,
        0.0,
        0.0,
        0.0,
        0.0,
        0.0,
        0.0,
        0.0,
        0.0,
        0.0,
        0.0,
        0.0,
        0.0,
        0.0,
        0.0,
        0.0,
        0.0,
        0.0,
        0.0,
        0.0,
        0.0,
        0.0,
        0.0,
        0.0,
        0.0,
        0.0,
        0.0,
        0.0,
        0.0,
        1.0,
        0.0,
        0.0,
        0.0,
        0.0,
        0.0,
        0.0,
        0.0,
        0.0,
        0.0,
        0.0,
        0.0,
        0.0
      ],
      [
        0.0,
        0.0,
        0.0,
        0.0,
        0.0,
        0.0,
        0.0,
        0.0,
        0.0,
        0.0,
        0.0,
        0.0,
        0.0,
        0.0,
        0.0,
        0.0,
        0.0,
        0.0,
        0.0,
        0.0,
        0.0,
        0.0,
        0.0,
        0.0,
        0.0,
        0.0,
        0.0,
        0.0,
        0.0,
        0.0,
        0.0,
        0.0,
        0.0,
        0.0,
        0.0,
        1.0,
        0.0,
        0.0,
        0.0,
        0.0,
        0.0,
        0.0,
        0.0,
        0.0,
        0.0,
        0.0,
        0.0
      ],
      [
        0.0,
        0.0,
        0.0,
        0.0,
        0.0,
        0.0,
        0.0,
        0.0,
        0.0,
        0.0,
        0.0,
        0.0,
        0.0,
        0.0,
        0.0,
        0.0,
        0.0,
        0.0,
        0.0,
        0.0,
        0.0,
        0.0,
        0.0,
        0.0,
        0.0,
        0.0,
        0.0,
        0.0,
        0.0,
        0.0,
        0.0,
        0.0,
        0.0,
        0.0,
        0.0,
        0.0,
        1.0,
        0.0,
        0.0,
        0.0,
        0.0,
        0.0,
        0.0,
        0.0,
        0.0,
        0.0,
        0.0
      ],
      [
        0.0,
        0.0,
        0.0,
        0.0,
        0.0,
        0.0,
        0.0,
        0.0,
        0.0,
        0.0,
        0.0,
        0.0,
        0.0,
        0.0,
        0.0,
        0.0,
        0.0,
        0.0,
        0.0,
        0.0,
        0.0,
        0.0,
        0.0,
        0.0,
        0.0,
        0.0,
        0.0,
        0.0,
        0.0,
        0.0,
        0.0,
        0.0,
        0.0,
        0.0,
        0.0,
        0.0,
        0.0,
        1.0,
        0.0,
        0.0,
        0.0,
        0.0,
        0.0,
        0.0,
        0.0,
        0.0,
        0.0
      ],
      [
        0.0,
        0.0,
        0.0,
        0.0,
        0.0,
        0.0,
        0.0,
        0.0,
        0.0,
        0.0,
        0.0,
        0.0,
        0.0,
        0.0,
        0.0,
        0.0,
        0.0,
        0.0,
        0.0,
        0.0,
        0.0,
        0.0,
        0.0,
        0.0,
        0.0,
        0.0,
        0.0,
        0.0,
        0.0,
        0.0,
        0.0,
        0.0,
        0.0,
        0.0,
        0.0,
        0.0,
        0.0,
        0.0,
        1.0,
        0.0,
        0.0,
        0.0,
        0.0,
        0.0,
        0.0,
        0.0,
        0.0
      ],
      [
        0.0,
        0.0,
        0.0,
        0.0,
        0.0,
        0.0,
        0.0,
        0.0,
        0.0,
        0.0,
        0.0,
        0.0,
        0.0,
        0.0,
        0.0,
        0.0,
        0.0,
        0.0,
        0.0,
        0.0,
        0.0,
        0.0,
        0.0,
        0.0,
        0.0,
        0.0,
        0.0,
        0.0,
        0.0,
        0.0,
        0.0,
        0.0,
        0.0,
        0.0,
        0.0,
        0.0,
        0.0,
        0.0,
        0.0,
        1.0,
        0.0,
        0.0,
        0.0,
        0.0,
        0.0,
        0.0,
        0.0
      ],
      [
        48.26162672042847,
        78.68586418600572,
        50.999807968678816,
        53.737989474536676,
        48.26162672042847,
        51.54744433854572,
        24.597760234150208,
        37.37558652501107,
        14.446470377295059,
        20.103436411737043,
        -13.89273736658006,
        2.604888321977342,
        -10.419553287909368,
        -11.287849237808343,
        7.814664708324526,
        22.575698475616687,
        5.209776643954684,
        -13.024441244942752,
        0.0,
        0.0,
        2.7095749297150027,
        5.0809426595641085,
        -0.5127382884613074,
        1.7652785226452323,
        5.21796442640568,
        1.1138011009399351,
        0.0,
        0.0,
        0.0,
        0.0,
        -4.685033730500648,
        6.98676588532377,
        -6.996095486404695,
        -4.798997274288446,
        0.0,
        0.0,
        0.0,
        0.0,
        0.0,
        0.0,
        140.05579783295383,
        50.999807968678816,
        0.0,
        0.03428121242489923,
        0.0,
        0.0,
        0.0
      ],
      [
        17.700331330299377,
        28.917296002985196,
        18.70985810608868,
        19.719384973821803,
        17.700331330299377,
        18.911763503011944,
        9.015994423827914,
        13.714689113351366,
        5.2988113855751795,
        7.371167776049574,
        -5.095444568566811,
        0.9553958807040853,
        -3.8215835228163413,
        -4.14004875896736,
        2.8661875478659273,
        8.28009751793472,
        1.9107917614081706,
