{
  "A": [
    [
      [
        54.75,
        69.10869240760803,
        55.1322822868824,
        56.5145648419857,
        53.75,
        55.40873858332634,
        29.580247692763805,
        36.580191388726234,
        17.487318769097328,
        23.852242216467857,
        -16.461348742246628,
        -5.809888007119298,
        -12.588090509176254,
        -15.493034198880196,
        0.0,
        27.112810358405113,
        4.841573121026158,
        -18.397977903485298,
        0.0,
        0.0,
        0.6451785635435954,
        8.426467612793203,
        -5.061526015153504,
        1.2851284453645349,
        0.0,
        0.0,
        0.0,
        0.0,
        0.0,
        0.0,
        2.361845418345183,
        2.5776161969915847,
        -4.903894555973238,
        -1.8266111159755383,
        2.08061056653969,
        0.47059449437074363,
        0.0,
        0.0,
        0.0,
        0.0,
        140.02247714996338,
        55.1322822868824,
        0.0,
        0.0,
        0.0,
        0.0,
        0.0
      ],
      [
        69.10869240760803,
        93.53285662027987,
        71.2168671471454,
        73.32504218831157,
        69.10869240760803,
        71.6385019099865,
        37.60780920576894,
        47.95669123345819,
        22.252108365798957,
        30.400776087452503,
        -21.177138145121535,
        -7.474284324910338,
        -16.194282487006017,
        -19.931424256169013,
        0.0,
        34.879993102111484,
        6.228569990491053,
        -23.668566044110136,
        0.0,
        0.0,
        -0.05127240908251496,
        8.363822266999989,
        -7.5471010362008775,
        0.29650509284692905,
        0.0,
        0.0,
        0.0,
        0.0,
        0.0,
        0.0,
        3.0178284746202904,
        3.8026539055932953,
        -6.175133805492721,
        -2.072633819324808,
        2.7467039710316232,
        0.8449566437684037,
        0.0,
        0.0,
        0.0,
        0.0,
        180.03293620988748,
        71.2168671471454,
        0.0,
        0.0,
        0.0,
        0.0,
        0.0
      ],
      [
        55.1322822868824,
        71.2168671471454,
        57.5798948936216,
        58.02750777158852,
        55.1322822868824,
        56.86941725186493,
        30.302728212754097,
        37.60407635360885,
        17.916149823490244,
        24.441610251885507,
        -16.88576977937396,
        -5.959683672497641,
        -12.912647780198094,
        -15.89248929544192,
        0.0,
        27.81185679029872,
        4.9664028365922945,
        -18.872330825935837,
        0.0,
        0.0,
        0.5824980015085023,
        8.420829574638606,
        -5.285227858904193,
        1.196152339443833,
        0.0,
        0.0,
        0.0,
        0.0,
        0.0,
        0.0,
        2.420883849168979,
        2.6878696029152853,
        -5.018306107488978,
        -1.8487531168983544,
        2.140558975473347,
        0.5042871233108964,
        0.0,
        0.0,
        0.0,
        0.0,
        143.62341838771945,
        56.5798948936216,
        0.0,
        0.0,
        0.0,
        0.0,
        0.0
      ],
      [
        56.5145648419857,
        73.32504218831157,
        58.02750777158852,
        60.540450975425614,
        56.5145648419857,
        58.33009619223252,
        31.02520888489513,
        38.62796149163388,
        18.344980967295342,
        25.030978409039573,
        -17.310190898503983,
        -6.109479366818109,
        -13.237205113927867,
        -16.29194446918265,
        0.0,
        28.510903357255586,
        5.091232576276859,
        -19.346683840036455,
        0.0,
        0.0,
        0.5198173999984914,
        8.41519152577105,
        -5.5089294919471286,
        1.107176274703219,
        0.0,
        0.0,
        0.0,
        0.0,
        0.0,
        0.0,
        2.4799223805473267,
        2.798122960328728,
        -5.132717559272819,
        -1.870895298731924,
        2.200507446033238,
        0.5379796341473617,
        0.0,
        0.0,
        0.0,
        0.0,
        147.22436032420956,
        58.02750777158852,
        0.0,
        0.0,
        0.0,
        0.0,
        0.0
      ],
      [
        53.75,
        69.10869240760803,
        55.1322822868824,
        56.5145648419857,
        54.75,
        55.40873858332634,
        29.580247692763805,
        36.580191388726234,
        17.487318769097328,
        23.852242216467857,
        -16.461348742246628,
        -5.809888007119298,
        -12.588090509176254,
        -15.493034198880196,
        0.0,
        27.112810358405113,
        4.841573121026158,
        -18.397977903485298,
        0.0,
        0.0,
        0.6451785635435954,
        8.426467612793203,
        -5.061526015153504,
        1.2851284453645349,
        0.0,
        0.0,
        0.0,
        0.0,
        0.0,
        0.0,
        2.361845418345183,
        2.5776161969915847,
        -4.903894555973238,
        -1.8266111159755383,
        2.08061056653969,
        0.47059449437074363,
        0.0,
        0.0,
        0.0,
        0.0,
        140.02247714996338,
        55.1322822868824,
        0.0,
        0.0,
        0.0,
        0.0,
        0.0
      ],
      [
        55.40873858332634,
        71.6385019099865,
        56.86941725186493,
        58.33009619223252,
        55.40873858332634,
        58.16155282203357,
        30.44722422601121,
        37.80885324097615,
        18.00191598139017,
        24.559483786432786,
        -16.970653937584398,
        -5.989642788203305,
        -12.97755919676744,
        -15.972380268434252,
        0.0,
        27.95166599561741,
        4.991368765230508,
        -18.967201355420926,
        0.0,
        0.0,
        0.569961897985935,
        8.419701936934974,
        -5.329968263444044,
        1.1783571095051497,
        0.0,
        0.0,
        0.0,
        0.0,
        0.0,
        0.0,
        2.4326915958791324,
        2.7099202344935844,
        -5.041188391061004,
        -1.8531816072957594,
        2.1525487217485795,
        0.5110255232619769,
        0.0,
        0.0,
        0.0,
        0.0,
        144.3436062160302,
        56.86941725186493,
        0.0,
        0.0,
        0.0,
        0.0,
        0.0
      ],
      [
        29.580247692763805,
        37.60780920576894,
        30.302728212754097,
        31.02520888489513,
        29.580247692763805,
        30.44722422601121,
        17.328779815158985,
        20.018486989857358,
        9.653984870091477,
        13.159243748215443,
        -9.057782520341267,
        -3.1968645380400122,
        -6.926539736654233,
        -8.52497183145058,
        0.0,
        14.918700986834665,
        2.664053661516884,
        -10.123403935087982,
        0.0,
        0.0,
        0.4474138227290647,
        4.92834493545819,
        -2.65298682883766,
        0.8740116960046272,
        0.0,
        0.0,
        0.0,
        0.0,
        0.0,
        0.0,
        1.3027899829406688,
        1.3505885675552654,
        -2.7105706081201255,
        -1.0315202806319974,
        1.1359439874456099,
        0.2332386906251796,
        0.0,
        0.0,
        0.0,
        0.0,
        77.05859636566655,
        30.302728212754097,
        0.0,
        0.0,
        0.0,
        0.0,
        0.0
      ],
      [
        36.580191388726234,
        47.95669123345819,
        37.60407635360885,
        38.62796149163388,
        36.580191388726234,
        37.80885324097615,
        20.018486989857358,
        26.179512134043364,
        11.812227935380301,
        16.15015576160093,
        -11.205996671587377,
        -3.9550577951719643,
        -8.569291772706375,
        -10.546820461983508,
        0.0,
        18.456936149879205,
        3.2958813478136273,
        -12.524349157349018,
        0.0,
        0.0,
        0.29097980382373306,
        5.080061056020165,
        -3.7709097314579667,
        0.5310473648726665,
        0.0,
        0.0,
        0.0,
        0.0,
        0.0,
        0.0,
        1.5867802125029897,
        1.9349144556574545,
        -3.3297741621357906,
        -1.2049830615280448,
        1.4514004370960034,
        0.3307961388082767,
        0.0,
        0.0,
        0.0,
        0.0,
        95.29393520137528,
        37.60407635360885,
        0.0,
        0.0,
        0.0,
        0.0,
        0.0
      ],
      [
        17.487318769097328,
        22.252108365798957,
        17.916149823490244,
        18.344980967295342,
        17.487318769097328,
        18.00191598139017,
        9.653984870091477,
        11.812227935380301,
        6.722162745599939,
        7.786262009610293,
        -5.354863406461915,
        -1.8899518606590957,
        -4.094895641833972,
        -5.039871467819252,
        0.0,
        8.819775237960508,
        1.5749598127031001,
        -5.984847300856273,
        0.0,
        0.0,
        0.22358229507247984,
        2.9156363641510885,
        -1.547868515065142,
        0.4958632552343372,
        0.0,
        0.0,
        0.0,
        0.0,
        0.0,
        0.0,
        0.7798704736839649,
        0.7785676008666382,
        -1.5893257748466627,
        -0.5953781130422776,
        0.6610354083484808,
        0.17073102434253623,
        0.0,
        0.0,
        0.0,
        0.0,
        45.555677986317235,
        17.916149823490244,
        0.0,
        0.0,
        0.0,
        0.0,
        0.0
      ],
      [
        23.852242216467857,
        30.400776087452503,
        24.441610251885507,
        25.030978409039573,
        23.852242216467857,
        24.559483786432786,
        13.159243748215443,
        16.15015576160093,
        7.786262009610293,
        11.608822943906869,
        -7.304054906609451,
        -2.577901827605203,
        -5.585453882839564,
        -6.874404655807517,
        0.0,
        12.030208375911656,
        2.1482514260501007,
        -8.163355436596628,
        0.0,
        0.0,
        0.3283811613715022,
        3.928892895852847,
        -2.151287010646854,
        0.6693345113684459,
        0.0,
        0.0,
        0.0,
        0.0,
        0.0,
        0.0,
        1.0542502112435859,
        1.0911617125130977,
        -2.178118552733609,
        -0.8213407956642274,
        0.9128412488854882,
        0.20642318731699277,
        0.0,
        0.0,
        0.0,
        0.0,
        62.136744921251086,
        24.441610251885507,
        0.0,
        0.0,
        0.0,
        0.0,
        0.0
      ],
      [
        -16.461348742246628,
        -21.177138145121535,
        -16.88576977937396,
        -17.310190898503983,
        -16.461348742246628,
        -16.970653937584398,
        -9.057782520341267,
        -11.205996671587377,
        -5.354863406461915,
        -7.304054906609451,
        6.041453636201197,
        1.779336643542104,
        3.855229341402103,
        4.7448975670860545,
        0.0,
        -8.30357089869595,
        -1.482780469448529,
        5.634565797332421,
        0.0,
        0.0,
        -0.19469795360148867,
        -2.5725595341758467,
        1.5535416005082203,
        -0.3891307406108051,
        0.0,
        0.0,
        0.0,
        0.0,
        0.0,
        0.0,
        -0.7232712069287148,
        -0.7910169916561048,
        1.5014280414315864,
        0.558506910140116,
        -0.6374379455887337,
        -0.14491056154755913,
        0.0,
        0.0,
        0.0,
        0.0,
        -42.88295494283111,
        -16.88576977937396,
        0.0,
        0.0,
        0.0,
        0.0,
        0.0
      ],
      [
        -5.809888007119298,
        -7.474284324910338,
        -5.959683672497641,
        -6.109479366818109,
        -5.809888007119298,
        -5.989642788203305,
        -3.1968645380400122,
        -3.9550577951719643,
        -1.8899518606590957,
        -2.577901827605203,
        1.779336643542104,
        1.628001191624037,
        1.3606692298343448,
        1.6746697917332667,
        0.0,
        -2.9306721906962823,
        -0.5233343027639876,
        1.9886703552424516,
        0.0,
        0.0,
        -0.06871692985974409,
        -0.9079622323044751,
        0.5483088180344537,
        -0.13734026674145128,
        0.0,
        0.0,
        0.0,
        0.0,
        0.0,
        0.0,
        -0.25527219248510885,
        -0.27918247831801546,
        0.5299158069361749,
        0.19712009669636904,
        -0.22497809580988537,
        -0.05114490665245333,
        0.0,
        0.0,
        0.0,
        0.0,
        -15.135161130070838,
        -5.959683672497641,
        0.0,
        0.0,
        0.0,
        0.0,
        0.0
      ],
      [
        -12.588090509176254,
        -16.194282487006017,
        -12.912647780198094,
        -13.237205113927867,
        -12.588090509176254,
        -12.97755919676744,
        -6.926539736654233,
        -8.569291772706375,
        -4.094895641833972,
        -5.585453882839564,
        3.855229341402103,
        1.3606692298343448,
        3.948116624158212,
        3.628451165597019,
        0.0,
        -6.349789659314762,
        -1.1338909737516425,
        4.308785710524722,
        0.0,
        0.0,
        -0.14888668708173894,
        -1.9672514555111742,
        1.188002428045232,
        -0.29757056201572246,
        0.0,
        0.0,
        0.0,
        0.0,
        0.0,
        0.0,
        -0.553089747721648,
        -0.6048953752890713,
        1.1481508894740238,
        0.4270935492628225,
        -0.4874525355744575,
        -0.11081397065004123,
        0.0,
        0.0,
        0.0,
        0.0,
        -32.79284866469651,
        -12.912647780198094,
        0.0,
        0.0,
        0.0,
        0.0,
        0.0
      ],
      [
        -15.493034198880196,
        -19.931424256169013,
        -15.89248929544192,
        -16.29194446918265,
        -15.493034198880196,
        -15.972380268434252,
        -8.52497183145058,
        -10.546820461983508,
        -5.039871467819252,
        -6.874404655807517,
        4.7448975670860545,
        1.6746697917332667,
        3.628451165597019,
        5.465785971028723,
        0.0,
        -7.815125596401796,
        -1.3955580968727257,
        5.303120780754485,
        0.0,
        0.0,
        -0.1832451501054822,
        -2.4212324905638085,
        1.4621568115649368,
        -0.36624067931222143,
        0.0,
        0.0,
        0.0,
        0.0,
        0.0,
        0.0,
        -0.6807258284945341,
        -0.7444866045560387,
        1.4131087673292393,
        0.5256536089273658,
        -0.5999415717731034,
        -0.13638641103529608,
        0.0,
        0.0,
        0.0,
        0.0,
        -40.36042841211604,
        -15.89248929544192,
        0.0,
        0.0,
        0.0,
        0.0,
        0.0
      ],
      [
        0.0,
        0.0,
        0.0,
        0.0,
        0.0,
        0.0,
        0.0,
        0.0,
        0.0,
        0.0,
        0.0,
        0.0,
        0.0,
        0.0,
        1.0,
        0.0,
        0.0,
        0.0,
        0.0,
        0.0,
        0.0,
        0.0,
        0.0,
        0.0,
        0.0,
        0.0,
        0.0,
        0.0,
        0.0,
        0.0,
        0.0,
        0.0,
        0.0,
        0.0,
        0.0,
        0.0,
        0.0,
        0.0,
        0.0,
        0.0,
        0.0,
        0.0,
        0.0,
        0.0,
        0.0,
        0.0,
        0.0
      ],
      [
        27.112810358405113,
        34.879993102111484,
        27.81185679029872,
        28.510903357255586,
        27.112810358405113,
        27.95166599561741,
        14.918700986834665,
        18.456936149879205,
        8.819775237960508,
        12.030208375911656,
        -8.30357089869595,
        -2.9306721906962823,
        -6.349789659314762,
        -7.815125596401796,
        0.0,
        14.67647005113077,
        2.442226715496491,
        -9.280461541003394,
        0.0,
        0.0,
        0.3206789893060684,
        4.2371569435550125,
        -2.5587744361385796,
        0.6409212010576988,
        0.0,
        0.0,
        0.0,
        0.0,
        0.0,
        0.0,
        1.1912701854512402,
        1.3028515885743444,
        -2.472940407429672,
        -0.9198937867962146,
        1.0498977662100795,
        0.23867626825730015,
        0.0,
        0.0,
        0.0,
        0.0,
        70.63075105073865,
        27.81185679029872,
        0.0,
        0.0,
        0.0,
        0.0,
        0.0
      ],
      [
        4.841573121026158,
        6.228569990491053,
        4.9664028365922945,
        5.091232576276859,
        4.841573121026158,
        4.991368765230508,
        2.664053661516884,
        3.2958813478136273,
        1.5749598127031001,
        2.1482514260501007,
        -1.482780469448529,
        -0.5233343027639876,
        -1.1338909737516425,
        -1.3955580968727257,
        0.0,
        2.442226715496491,
        1.4361118993121802,
        -1.6572252213356942,
        0.0,
        0.0,
        0.057264123248245244,
        0.7566351563564022,
        -0.45692399300013575,
        0.11445021577439507,
        0.0,
        0.0,
        0.0,
        0.0,
        0.0,
        0.0,
        0.21272682170258517,
        0.23265205974915448,
        -0.44159648481748887,
        -0.16426674102498592,
        0.18748173856377442,
        0.0426207535254412,
        0.0,
        0.0,
        0.0,
        0.0,
        12.61263370652891,
        4.9664028365922945,
        0.0,
        0.0,
        0.0,
        0.0,
        0.0
      ],
      [
        -18.397977903485298,
        -23.668566044110136,
        -18.872330825935837,
        -19.346683840036455,
        -18.397977903485298,
        -18.967201355420926,
        -10.123403935087982,
        -12.524349157349018,
        -5.984847300856273,
        -8.163355436596628,
        5.634565797332421,
        1.9886703552424516,
        4.308785710524722,
        5.303120780754485,
        0.0,
        -9.280461541003394,
        -1.6572252213356942,
        7.2974558560834035,
        0.0,
        0.0,
        -0.21760363214112677,
        -2.875213579951911,
        1.7363112000606296,
        -0.4349107933129931,
        0.0,
        0.0,
        0.0,
        0.0,
        0.0,
        0.0,
        -0.8083619121087823,
        -0.8840778445982156,
        1.6780666467714243,
        0.624213611631627,
        -0.7124306260834432,
        -0.16195887775566753,
        0.0,
        0.0,
        0.0,
        0.0,
        -47.928008198354114,
        -18.872330825935837,
        0.0,
        0.0,
        0.0,
        0.0,
        0.0
      ],
      [
        0.0,
        0.0,
        0.0,
        0.0,
        0.0,
        0.0,
        0.0,
        0.0,
        0.0,
        0.0,
        0.0,
        0.0,
        0.0,
        0.0,
        0.0,
        0.0,
        0.0,
        0.0,
        1.0,
        0.0,
        0.0,
        0.0,
        0.0,
        0.0,
        0.0,
        0.0,
        0.0,
        0.0,
        0.0,
        0.0,
        0.0,
        0.0,
        0.0,
        0.0,
        0.0,
        0.0,
        0.0,
        0.0,
        0.0,
        0.0,
        0.0,
        0.0,
        0.0,
        0.0,
        0.0,
        0.0,
        0.0
      ],
      [
        0.0,
        0.0,
        0.0,
        0.0,
        0.0,
        0.0,
        0.0,
        0.0,
        0.0,
        0.0,
        0.0,
        0.0,
        0.0,
        0.0,
        0.0,
        0.0,
        0.0,
        0.0,
        0.0,
        1.0,
        0.0,
        0.0,
        0.0,
        0.0,
        0.0,
        0.0,
        0.0,
        0.0,
        0.0,
        0.0,
        0.0,
        0.0,
        0.0,
        0.0,
        0.0,
        0.0,
        0.0,
        0.0,
        0.0,
        0.0,
        0.0,
        0.0,
        0.0,
        0.0,
        0.0,
        0.0,
        0.0
      ],
      [
        0.6451785635435954,
        -0.05127240908251496,
        0.5824980015085023,
        0.5198173999984914,
        0.6451785635435954,
        0.569961897985935,
        0.4474138227290647,
        0.29097980382373306,
        0.22358229507247984,
        0.3283811613715022,
        -0.19469795360148867,
        -0.06871692985974409,
        -0.14888668708173894,
        -0.1832451501054822,
        0.0,
        0.3206789893060684,
        0.057264123248245244,
        -0.21760363214112677,
        0.0,
        0.0,
        23.00307452653993,
        0.7826718974561429,
        0.16362469372921415,
        -0.4222772471835653,
        0.0,
        0.0,
        0.0,
        0.0,
        0.0,
        0.0,
        -0.8984054557110079,
        0.26298248036001354,
        0.1227397714258984,
        -1.121863890370307,
        1.0161859841471477,
        0.18700426174627346,
        0.0,
        0.0,
        0.0,
        0.0,
        1.6807347340972987,
        0.5824980015085023,
        0.0,
        0.0,
        0.0,
        0.0,
        0.0
      ],
      [
        8.426467612793203,
        8.363822266999989,
        8.420829574638606,
        8.41519152577105,
        8.426467612793203,
        8.419701936934974,
        4.92834493545819,
        5.080061056020165,
        2.9156363641510885,
        3.928892895852847,
        -2.5725595341758467,
        -0.9079622323044751,
        -1.9672514555111742,
        -2.4212324905638085,
        0.0,
        4.2371569435550125,
        0.7566351563564022,
        -2.875213579951911,
        0.0,
        0.0,
        0.7826718974561429,
        22.474651475367626,
        -0.794181982165377,
        -0.5997459267897547,
        0.0,
        0.0,
        0.0,
        0.0,
        0.0,
        0.0,
        0.7551612563954488,
        -0.799611316794999,
        -0.8478717939954392,
        0.3662637956470706,
        -0.5898490505638586,
        -0.709515549903578,
        0.0,
        0.0,
        0.0,
        0.0,
        21.951532331653556,
        8.420829574638606,
        0.0,
        0.0,
        0.0,
        0.0,
        0.0
      ],
      [
        -5.061526015153504,
        -7.5471010362008775,
        -5.285227858904193,
        -5.5089294919471286,
        -5.061526015153504,
        -5.329968263444044,
        -2.65298682883766,
        -3.7709097314579667,
        -1.547868515065142,
        -2.151287010646854,
        1.5535416005082203,
        0.5483088180344537,
        1.188002428045232,
        1.4621568115649368,
        0.0,
        -2.5587744361385796,
        -0.45692399300013575,
        1.7363112000606296,
        0.0,
        0.0,
        0.16362469372921415,
        -0.794181982165377,
        20.520167928963534,
        0.8419406471610037,
        0.0,
        0.0,
        0.0,
        0.0,
        0.0,
        0.0,
        -0.1603305597655421,
        -0.22257802624676992,
        -0.25696402818130787,
        0.8333522540448469,
        -0.587073805823502,
        0.14321441428426301,
        0.0,
        0.0,
        0.0,
        0.0,
        -13.185626186501205,
        -5.285227858904193,
        0.0,
        0.0,
        0.0,
        0.0,
        0.0
      ],
      [
        1.2851284453645349,
        0.29650509284692905,
        1.196152339443833,
        1.107176274703219,
        1.2851284453645349,
        1.1783571095051497,
        0.8740116960046272,
        0.5310473648726665,
        0.4958632552343372,
        0.6693345113684459,
        -0.3891307406108051,
        -0.13734026674145128,
        -0.29757056201572246,
        -0.36624067931222143,
        0.0,
        0.6409212010576988,
        0.11445021577439507,
        -0.4349107933129931,
        0.0,
        0.0,
        -0.4222772471835653,
        -0.5997459267897547,
        0.8419406471610037,
        22.665404230341203,
        0.0,
        0.0,
        0.0,
        0.0,
        0.0,
        0.0,
        -0.9513613823587821,
        -0.6350133898540711,
        0.19463207020723736,
        0.22581860466133485,
        0.2591828897034671,
        0.2987052785965852,
        0.0,
        0.0,
        0.0,
        0.0,
        3.347848565872982,
        1.196152339443833,
        0.0,
        0.0,
        0.0,
        0.0,
        0.0
      ],
      [
        0.0,
        0.0,
        0.0,
        0.0,
        0.0,
        0.0,
        0.0,
        0.0,
        0.0,
        0.0,
        0.0,
        0.0,
        0.0,
        0.0,
        0.0,
        0.0,
        0.0,
        0.0,
        0.0,
        0.0,
        0.0,
        0.0,
        0.0,
        0.0,
        1.0,
        0.0,
        0.0,
        0.0,
        0.0,
        0.0,
        0.0,
        0.0,
        0.0,
        0.0,
        0.0,
        0.0,
        0.0,
        0.0,
        0.0,
        0.0,
        0.0,
        0.0,
        0.0,
        0.0,
        0.0,
        0.0,
        0.0
      ],
      [
        0.0,
        0.0,
        0.0,
        0.0,
        0.0,
        0.0,
        0.0,
        0.0,
        0.0,
        0.0,
        0.0,
        0.0,
        0.0,
        0.0,
        0.0,
        0.0,
        0.0,
        0.0,
        0.0,
        0.0,
        0.0,
        0.0,
        0.0,
        0.0,
        0.0,
        1.0,
        0.0,
        0.0,
        0.0,
        0.0,
        0.0,
        0.0,
        0.0,
        0.0,
        0.0,
        0.0,
        0.0,
        0.0,
        0.0,
        0.0,
        0.0,
        0.0,
        0.0,
        0.0,
        0.0,
        0.0,
        0.0
      ],
      [
        0.0,
        0.0,
        0.0,
        0.0,
        0.0,
        0.0,
        0.0,
        0.0,
        0.0,
        0.0,
        0.0,
        0.0,
        0.0,
        0.0,
        0.0,
        0.0,
        0.0,
        0.0,
        0.0,
        0.0,
        0.0,
        0.0,
        0.0,
        0.0,
        0.0,
        0.0,
        1.0,
        0.0,
        0.0,
        0.0,
        0.0,
        0.0,
        0.0,
        0.0,
        0.0,
        0.0,
        0.0,
        0.0,
        0.0,
        0.0,
        0.0,
        0.0,
        0.0,
        0.0,
        0.0,
        0.0,
        0.0
      ],
      [
        0.0,
        0.0,
        0.0,
        0.0,
        0.0,
        0.0,
        0.0,
        0.0,
        0.0,
        0.0,
        0.0,
        0.0,
        0.0,
        0.0,
        0.0,
        0.0,
        0.0,
        0.0,
        0.0,
        0.0,
        0.0,
        0.0,
        0.0,
        0.0,
        0.0,
        0.0,
        0.0,
        1.0,
        0.0,
        0.0,
        0.0,
        0.0,
        0.0,
        0.0,
        0.0,
        0.0,
        0.0,
        0.0,
        0.0,
        0.0,
        0.0,
        0.0,
        0.0,
        0.0,
        0.0,
        0.0,
        0.0
      ],
      [
        0.0,
        0.0,
        0.0,
        0.0,
        0.0,
        0.0,
        0.0,
        0.0,
        0.0,
        0.0,
        0.0,
        0.0,
        0.0,
        0.0,
        0.0,
        0.0,
        0.0,
        0.0,
        0.0,
        0.0,
        0.0,
        0.0,
        0.0,
        0.0,
        0.0,
        0.0,
        0.0,
        0.0,
        1.0,
        0.0,
        0.0,
        0.0,
        0.0,
        0.0,
        0.0,
        0.0,
        0.0,
        0.0,
        0.0,
        0.0,
        0.0,
        0.0,
        0.0,
        0.0,
        0.0,
        0.0,
        0.0
      ],
      [
        0.0,
        0.0,
        0.0,
        0.0,
        0.0,
        0.0,
        0.0,
        0.0,
        0.0,
        0.0,
        0.0,
        0.0,
        0.0,
        0.0,
        0.0,
        0.0,
        0.0,
        0.0,
        0.0,
        0.0,
        0.0,
        0.0,
        0.0,
        0.0,
        0.0,
        0.0,
        0.0,
        0.0,
        0.0,
        1.0,
        0.0,
        0.0,
        0.0,
        0.0,
        0.0,
        0.0,
        0.0,
        0.0,
        0.0,
        0.0,
        0.0,
        0.0,
        0.0,
        0.0,
        0.0,
        0.0,
        0.0
      ],
      [
        2.361845418345183,
        3.0178284746202904,
        2.420883849168979,
        2.4799223805473267,
        2.361845418345183,
        2.4326915958791324,
        1.3027899829406688,
        1.5867802125029897,
        0.7798704736839649,
        1.0542502112435859,
        -0.7232712069287148,
        -0.25527219248510885,
        -0.553089747721648,
        -0.6807258284945341,
        0.0,
        1.1912701854512402,
        0.21272682170258517,
        -0.8083619121087823,
        0.0,
        0.0,
        -0.8984054557110079,
        0.7551612563954488,
        -0.1603305597655421,
        -0.9513613823587821,
        0.0,
        0.0,
        0.0,
        0.0,
        0.0,
        0.0,
        8.252412658130668,
        0.19807153386170956,
        -0.2865073803511519,
        -0.6178715242128148,
        -0.16141489019913013,
        -0.03563987039842734,
        0.0,
        0.0,
        0.0,
        0.0,
        6.152771103363081,
        2.420883849168979,
        0.0,
        0.0,
        0.0,
        0.0,
        0.0
      ],
      [
        2.5776161969915847,
        3.8026539055932953,
        2.6878696029152853,
        2.798122960328728,
        2.5776161969915847,
        2.7099202344935844,
        1.3505885675552654,
        1.9349144556574545,
        0.7785676008666382,
        1.0911617125130977,
        -0.7910169916561048,
        -0.27918247831801546,
        -0.6048953752890713,
        -0.7444866045560387,
        0.0,
        1.3028515885743444,
        0.23265205974915448,
        -0.8840778445982156,
        0.0,
        0.0,
        0.26298248036001354,
        -0.799611316794999,
        -0.22257802624676992,
        -0.6350133898540711,
        0.0,
        0.0,
        0.0,
        0.0,
        0.0,
        0.0,
        0.19807153386170956,
        9.049088828742953,
        -0.37363374705688523,
        0.2542023788987059,
        0.2531292149727089,
        -0.22326609505163003,
        0.0,
        0.0,
        0.0,
        0.0,
        6.714868773958275,
        2.6878696029152853,
        0.0,
        0.0,
        0.0,
        0.0,
        0.0
      ],
      [
        -4.903894555973238,
        -6.175133805492721,
        -5.018306107488978,
        -5.132717559272819,
        -4.903894555973238,
        -5.041188391061004,
        -2.7105706081201255,
        -3.3297741621357906,
        -1.5893257748466627,
        -2.178118552733609,
        1.5014280414315864,
        0.5299158069361749,
        1.1481508894740238,
        1.4131087673292393,
        0.0,
        -2.472940407429672,
        -0.44159648481748887,
        1.6780666467714243,
        0.0,
        0.0,
        0.1227397714258984,
        -0.8478717939954392,
        -0.25696402818130787,
        0.19463207020723736,
        0.0,
        0.0,
        0.0,
        0.0,
        0.0,
        0.0,
        -0.2865073803511519,
        -0.37363374705688523,
        7.97851532301387,
        -0.9644905760505876,
        -0.3403944618865559,
        -0.4083273978232696,
        0.0,
        0.0,
        0.0,
        0.0,
        -12.774985319843042,
        -5.018306107488978,
        0.0,
        0.0,
        0.0,
        0.0,
        0.0
      ],
      [
        -1.8266111159755383,
        -2.072633819324808,
        -1.8487531168983544,
        -1.870895298731924,
        -1.8266111159755383,
        -1.8531816072957594,
        -1.0315202806319974,
        -1.2049830615280448,
        -0.5953781130422776,
        -0.8213407956642274,
        0.558506910140116,
        0.19712009669636904,
        0.4270935492628225,
        0.5256536089273658,
        0.0,
        -0.9198937867962146,
        -0.16426674102498592,
        0.624213611631627,
        0.0,
        0.0,
        -1.121863890370307,
        0.3662637956470706,
        0.8333522540448469,
        0.22581860466133485,
        0.0,
        0.0,
        0.0,
        0.0,
        0.0,
        0.0,
        -0.6178715242128148,
        0.2542023788987059,
        -0.9644905760505876,
        7.414079335160564,
        0.06082602854572118,
        -0.18796559089028012,
        0.0,
        0.0,
        0.0,
        0.0,
        -4.758448499359276,
        -1.8487531168983544,
        0.0,
        0.0,
        0.0,
        0.0,
        0.0
      ],
      [
        2.08061056653969,
        2.7467039710316232,
        2.140558975473347,
        2.200507446033238,
        2.08061056653969,
        2.1525487217485795,
        1.1359439874456099,
        1.4514004370960034,
        0.6610354083484808,
        0.9128412488854882,
        -0.6374379455887337,
        -0.22497809580988537,
        -0.4874525355744575,
        -0.5999415717731034,
        0.0,
        1.0498977662100795,
        0.18748173856377442,
        -0.7124306260834432,
        0.0,
        0.0,
        1.0161859841471477,
        -0.5898490505638586,
        -0.587073805823502,
        0.2591828897034671,
        0.0,
        0.0,
        0.0,
        0.0,
        0.0,
        0.0,
        -0.16141489019913013,
        0.2531292149727089,
        -0.3403944618865559,
        0.06082602854572118,
        8.069558964221603,
        -0.7143025666341034,
        0.0,
        0.0,
        0.0,
        0.0,
        5.420134879034254,
        2.140558975473347,
        0.0,
        0.0,
        0.0,
        0.0,
        0.0
      ],
      [
        0.47059449437074363,
        0.8449566437684037,
        0.5042871233108964,
        0.5379796341473617,
        0.47059449437074363,
        0.5110255232619769,
        0.2332386906251796,
        0.3307961388082767,
        0.17073102434253623,
        0.20642318731699277,
        -0.14491056154755913,
        -0.05114490665245333,
        -0.11081397065004123,
        -0.13638641103529608,
        0.0,
        0.23867626825730015,
        0.0426207535254412,
        -0.16195887775566753,
        0.0,
        0.0,
        0.18700426174627346,
        -0.709515549903578,
        0.14321441428426301,
        0.2987052785965852,
        0.0,
        0.0,
        0.0,
        0.0,
        0.0,
        0.0,
        -0.03563987039842734,
        -0.22326609505163003,
        -0.4083273978232696,
        -0.18796559089028012,
        -0.7143025666341034,
        8.426037786835668,
        0.0,
        0.0,
        0.0,
        0.0,
        1.225931356850794,
        0.5042871233108964,
        0.0,
        0.0,
        0.0,
        0.0,
        0.0
      ],
      [
        0.0,
        0.0,
        0.0,
        0.0,
        0.0,
        0.0,
        0.0,
        0.0,
        0.0,
        0.0,
        0.0,
        0.0,
        0.0,
        0.0,
        0.0,
        0.0,
        0.0,
        0.0,
        0.0,
        0.0,
        0.0,
        0.0,
        0.0,
        0.0,
        0.0,
        0.0,
        0.0,
        0.0,
        0.0,
        0.0,
        0.0,
        0.0,
        0.0,
        0.0,
        0.0,
        0.0,
        1.0,
        0.0,
        0.0,
        0.0,
        0.0,
        0.0,
        0.0,
        0.0,
        0.0,
        0.0,
        0.0
      ],
      [
        0.0,
        0.0,
        0.0,
        0.0,
        0.0,
        0.0,
        0.0,
        0.0,
        0.0,
        0.0,
        0.0,
        0.0,
        0.0,
        0.0,
        0.0,
        0.0,
        0.0,
        0.0,
        0.0,
        0.0,
        0.0,
        0.0,
        0.0,
        0.0,
        0.0,
        0.0,
        0.0,
        0.0,
        0.0,
        0.0,
        0.0,
        0.0,
        0.0,
        0.0,
        0.0,
        0.0,
        0.0,
        1.0,
        0.0,
        0.0,
        0.0,
        0.0,
        0.0,
        0.0,
        0.0,
        0.0,
        0.0
      ],
      [
        0.0,
        0.0,
        0.0,
        0.0,
        0.0,
        0.0,
        0.0,
        0.0,
        0.0,
        0.0,
        0.0,
        0.0,
        0.0,
        0.0,
        0.0,
        0.0,
        0.0,
        0.0,
        0.0,
        0.0,
        0.0,
        0.0,
        0.0,
        0.0,
        0.0,
        0.0,
        0.0,
        0.0,
        0.0,
        0.0,
        0.0,
        0.0,
        0.0,
        0.0,
        0.0,
        0.0,
        0.0,
        0.0,
        1.0,
        0.0,
        0.0,
        0.0,
        0.0,
        0.0,
        0.0,
        0.0,
        0.0
      ],
      [
        0.0,
        0.0,
        0.0,
        0.0,
        0.0,
        0.0,
        0.0,
        0.0,
        0.0,
        0.0,
        0.0,
        0.0,
        0.0,
        0.0,
        0.0,
        0.0,
        0.0,
        0.0,
        0.0,
        0.0,
        0.0,
        0.0,
        0.0,
        0.0,
        0.0,
        0.0,
        0.0,
        0.0,
        0.0,
        0.0,
        0.0,
        0.0,
        0.0,
        0.0,
        0.0,
        0.0,
        0.0,
        0.0,
        0.0,
        1.0,
        0.0,
        0.0,
        0.0,
        0.0,
        0.0,
        0.0,
        0.0
      ],
      [
        140.02247714996338,
        180.03293620988748,
        143.62341838771945,
        147.22436032420956,
        140.02247714996338,
        144.3436062160302,
        77.05859636566655,
        95.29393520137528,
        45.555677986317235,
        62.136744921251086,
        -42.88295494283111,
        -15.135161130070838,
        -32.79284866469651,
        -40.36042841211604,
        0.0,
        70.63075105073865,
        12.61263370652891,
        -47.928008198354114,
        0.0,
        0.0,
        1.6807347340972987,
        21.951532331653556,
        -13.185626186501205,
        3.347848565872982,
        0.0,
        0.0,
        0.0,
        0.0,
        0.0,
        0.0,
        6.152771103363081,
        6.714868773958275,
        -12.774985319843042,
        -4.758448499359276,
        5.420134879034254,
        1.225931356850794,
        0.0,
        0.0,
        0.0,
        0.0,
        365.7682624597575,
        143.62341838771945,
        0.0,
        0.0,
        0.0,
        0.0,
        0.0
      ],
      [
        55.1322822868824,
        71.2168671471454,
        56.5798948936216,
        58.02750777158852,
        55.1322822868824,
        56.86941725186493,
        30.302728212754097,
        37.60407635360885,
        17.916149823490244,
        24.441610251885507,
        -16.88576977937396,
        -5.959683672497641,
        -12.912647780198094,
        -15.89248929544192,
        0.0,
        27.81185679029872,
        4.9664028365922945,
        -18.872330825935837,
        0.0,
        0.0,
        0.5824980015085023,
        8.420829574638606,
        -5.285227858904193,
        1.196152339443833,
        0.0,
        0.0,
        0.0,
        0.0,
        0.0,
        0.0,
        2.420883849168979,
        2.6878696029152853,
        -5.018306107488978,
        -1.8487531168983544,
        2.140558975473347,
        0.5042871233108964,
        0.0,
        0.0,
        0.0,
        0.0,
        143.62341838771945,
        57.5798948936216,
        0.0,
        0.0,
        0.0,
        0.0,
        0.0
      ],
      [
        0.0,
        0.0,
        0.0,
        0.0,
        0.0,
        0.0,
        0.0,
        0.0,
        0.0,
        0.0,
        0.0,
        0.0,
        0.0,
        0.0,
        0.0,
        0.0,
        0.0,
        0.0,
        0.0,
        0.0,
        0.0,
        0.0,
        0.0,
        0.0,
        0.0,
        0.0,
        0.0,
        0.0,
        0.0,
        0.0,
        0.0,
        0.0,
        0.0,
        0.0,
        0.0,
        0.0,
        0.0,
        0.0,
        0.0,
        0.0,
        0.0,
        0.0,
        1.0,
        0.0,
        0.0,
        0.0,
        0.0
      ],
      [
        0.0,
        0.0,
        0.0,
        0.0,
        0.0,
        0.0,
        0.0,
        0.0,
        0.0,
        0.0,
        0.0,
        0.0,
        0.0,
        0.0,
        0.0,
        0.0,
        0.0,
        0.0,
        0.0,
        0.0,
        0.0,
        0.0,
        0.0,
        0.0,
        0.0,
        0.0,
        0.0,
