{
  "A": [
    [
      [
        1.75,
        1.4803155362606049,
        0.8157283961772919,
        0.8814567923545837,
        0.75,
        0.8288740813732147,
        0.3683903068304062,
        0.48715822398662567,
        0.30323535203933716,
        0.341216117143631,
        -0.23138850927352905,
        -0.08166653476655483,
        -0.17694415897130966,
        -0.21777741611003876,
        0.0,
        0.3811105042695999,
        0.06805544160306454,
        -0.25861068069934845,
        0.0,
        0.0,
        -0.4890216439962387,
        -0.24474099464714527,
        0.13227657042443752,
        -0.4067273661494255,
        0.0,
        0.0,
        0.0,
        0.0,
        0.0,
        0.0,
        0.1770954206585884,
        -0.0032439399510622025,
        -0.07328853569924831,
        0.10759064741432667,
        0.030277036130428314,
        0.2309342510998249,
        0.0,
        0.0,
        0.0,
        0.0,
        1.9538020491600037,
        0.8157283961772919,
        0.0,
        0.0,
        0.0,
        0.0,
        0.0
      ],
      [
        1.4803155362606049,
        3.9219742735957475,
        1.6100648188232078,
        1.7398141009541845,
        1.4803155362606049,
        1.6360146868210883,
        0.7271676408883287,
        0.9605547622486075,
        0.5991380115908278,
        0.6737706579013523,
        -0.4567046503092538,
        -0.16118988067495654,
        -0.3492447421361442,
        -0.4298396622367662,
        0.0,
        0.7522194604172636,
        0.13432489260246894,
        -0.5104345969099011,
        0.0,
        0.0,
        -0.9659579220804577,
        -0.48310605333114753,
        0.25227028791663764,
        -0.8050104745171156,
        0.0,
        0.0,
        0.0,
        0.0,
        0.0,
        0.0,
        0.34492376144084336,
        -0.004486372155845464,
        -0.14255493927601104,
        0.21039447474571493,
        0.0602572352005053,
        0.4594947286454292,
        0.0,
        0.0,
        0.0,
        0.0,
        3.856324704199146,
        1.6100648188232078,
        0.0,
        0.0,
        0.0,
        0.0,
        0.0
      ],
      [
        0.8157283961772919,
        1.6100648188232078,
        1.887218671975237,
        0.9587089477343333,
        0.8157283961772919,
        0.9015167335925298,
        0.400680265949398,
        0.529763909657536,
        0.32986659146748387,
        0.37114602528987817,
        -0.25166696132417865,
        -0.08882363567152307,
        -0.19245121096477114,
        -0.2368630176566766,
        0.0,
        0.41451030926454635,
        0.07401969200402103,
        -0.2812748324401362,
        0.0,
        0.0,
        -0.531945912837557,
        -0.2661938549452376,
        0.14307598697864177,
        -0.4425728479213209,
        0.0,
        0.0,
        0.0,
        0.0,
        0.0,
        0.0,
        0.19219996564210895,
        -0.003355762613699298,
        -0.07952250121341375,
        0.11684298913037994,
        0.0329752507034935,
        0.25150469965220523,
        0.0,
        0.0,
        0.0,
        0.0,
        2.125029082678928,
        0.8872186719752371,
        0.0,
        0.0,
        0.0,
        0.0,
        0.0
      ],
      [
        0.8814567923545837,
        1.7398141009541845,
        0.9587089477343333,
        2.035961103036392,
        0.8814567923545837,
        0.9741593857652298,
        0.43297022498788973,
        0.57236959688578,
        0.356497829888232,
        0.4010759329666884,
        -0.27194541337340805,
        -0.09598073657599016,
        -0.20795826295714637,
        -0.25594861920197776,
        0.0,
        0.4479101142571533,
        0.07998394240455986,
        -0.3039389841793376,
        0.0,
        0.0,
        -0.5748701669073188,
        -0.28764669646407426,
        0.15387543371625134,
        -0.47841832643435556,
        0.0,
        0.0,
        0.0,
        0.0,
        0.0,
        0.0,
        0.20730451295844254,
        -0.003467566543808198,
        -0.08575649518312911,
        0.12609533262553407,
        0.0356734777156289,
        0.2720751394664114,
        0.0,
        0.0,
        0.0,
        0.0,
        2.2962561161978527,
        0.9587089477343333,
        0.0,
        0.0,
        0.0,
        0.0,
        0.0
      ],
      [
        0.75,
        1.4803155362606049,
        0.8157283961772919,
        0.8814567923545837,
        1.75,
        0.8288740813732147,
        0.3683903068304062,
        0.48715822398662567,
        0.30323535203933716,
        0.341216117143631,
        -0.23138850927352905,
        -0.08166653476655483,
        -0.17694415897130966,
        -0.21777741611003876,
        0.0,
        0.3811105042695999,
        0.06805544160306454,
        -0.25861068069934845,
        0.0,
        0.0,
        -0.4890216439962387,
        -0.24474099464714527,
        0.13227657042443752,
        -0.4067273661494255,
        0.0,
        0.0,
        0.0,
        0.0,
        0.0,
        0.0,
        0.1770954206585884,
        -0.0032439399510622025,
        -0.07328853569924831,
        0.10759064741432667,
        0.030277036130428314,
        0.2309342510998249,
        0.0,
        0.0,
        0.0,
        0.0,
        1.9538020491600037,
        0.8157283961772919,
        0.0,
        0.0,
        0.0,
        0.0,
        0.0
      ],
      [
        0.8288740813732147,
        1.6360146868210883,
        0.9015167335925298,
        0.9741593857652298,
        0.8288740813732147,
        1.9160452705935462,
        0.40713826064161296,
        0.5382850517715756,
        0.3351928410480376,
        0.3771320092968571,
        -0.25572265357230073,
        -0.0902550565012199,
        -0.19555262276898677,
        -0.2406801396958791,
        0.0,
        0.4211902732908168,
        0.07521254262479826,
        -0.28580766484252074,
        0.0,
        0.0,
        -0.5405307631617386,
        -0.2704844199691936,
        0.14523588904247653,
        -0.44974194511828447,
        0.0,
        0.0,
        0.0,
        0.0,
        0.0,
        0.0,
        0.19522087888744366,
        -0.0033781189482355867,
        -0.08076930926488579,
        0.11869345991205105,
        0.03351489960940013,
        0.2556187856481684,
        0.0,
        0.0,
        0.0,
        0.0,
        2.1592745049101367,
        0.9015167335925298,
        0.0,
        0.0,
        0.0,
        0.0,
        0.0
      ],
      [
        0.3683903068304062,
        0.7271676408883287,
        0.400680265949398,
        0.43297022498788973,
        0.3683903068304062,
        0.40713826064161296,
        1.1809647700194206,
        0.23900326192934251,
        0.14912650949514106,
        0.16768607223703325,
        -0.11365522882488266,
        -0.04011361119254597,
        -0.08691282441851911,
        -0.1069696249785701,
        0.0,
        0.18719685652966334,
        0.03342800734623341,
        -0.12702642916439189,
        0.0,
        0.0,
        -0.24032401568141903,
        -0.12009768880230809,
        0.06253277010952046,
        -0.2004272841485255,
        0.0,
        0.0,
        0.0,
        0.0,
        0.0,
        0.0,
        0.08561444557514952,
        -0.0008873380500296069,
        -0.03556474450439634,
        0.05226929665455099,
        0.015107606673360752,
        0.11447991894342424,
        0.0,
        0.0,
        0.0,
        0.0,
        0.9596823151679068,
        0.400680265949398,
        0.0,
        0.0,
        0.0,
        0.0,
        0.0
      ],
      [
        0.48715822398662567,
        0.9605547622486075,
        0.529763909657536,
        0.57236959688578,
        0.48715822398662567,
        0.5382850517715756,
        0.23900326192934251,
        1.3213590682533303,
        0.19380383276197755,
        0.22015028463926756,
        -0.15029387558768637,
        -0.05304489868090212,
        -0.11493061373220792,
        -0.14145305649420514,
        0.0,
        0.24754286565137829,
        0.0442040795874209,
        -0.16797550470235745,
        0.0,
        0.0,
        -0.3151732533638585,
        -0.16054509633809133,
        0.12885729230723642,
        -0.2528917042747474,
        0.0,
        0.0,
        0.0,
        0.0,
        0.0,
        0.0,
        0.13884963542127604,
        -0.013900680946207777,
        -0.055767188160325665,
        0.07993076258111009,
        0.015867776109829146,
        0.1316554546383022,
        0.0,
        0.0,
        0.0,
        0.0,
        1.2690809817202897,
        0.529763909657536,
        0.0,
        0.0,
        0.0,
        0.0,
        0.0
      ],
      [
        0.30323535203933716,
        0.5991380115908278,
        0.32986659146748387,
        0.356497829888232,
        0.30323535203933716,
        0.3351928410480376,
        0.14912650949514106,
        0.19380383276197755,
        1.124629689965209,
        0.1389106721081963,
        -0.09355562839409881,
        -0.03301963435240185,
        -0.07154254140114436,
        -0.08805235438658077,
        0.0,
        0.1540916308173248,
        0.027516360344883806,
        -0.10456216999437196,
        0.0,
        0.0,
        -0.1993191903457756,
        -0.09796681918426575,
        0.025919520011974728,
        -0.17169017405074438,
        0.0,
        0.0,
        0.0,
        0.0,
        0.0,
        0.0,
        0.05633175021775161,
        0.006223894130707341,
        -0.024362439409872816,
        0.037058760582067696,
        0.014660200275728341,
        0.10514118724280275,
        0.0,
        0.0,
        0.0,
        0.0,
        0.7899491362562827,
        0.32986659146748387,
        0.0,
        0.0,
        0.0,
        0.0,
        0.0
      ],
      [
        0.341216117143631,
        0.6737706579013523,
        0.37114602528987817,
        0.4010759329666884,
        0.341216117143631,
        0.3771320092968571,
        0.16768607223703325,
        0.22015028463926756,
        0.1389106721081963,
        1.155685205420124,
        -0.10527228574074532,
        -0.03715492530738501,
        -0.0805023383910195,
        -0.09907979636105568,
        0.0,
        0.17338965554141827,
        0.030962435927695375,
        -0.11765725753797218,
        0.0,
        0.0,
        -0.2232268322943134,
        -0.1108723896644393,
        0.047243550874292106,
        -0.18844557063954892,
        0.0,
        0.0,
        0.0,
        0.0,
        0.0,
        0.0,
        0.07339500951979638,
        0.002076240280273589,
        -0.03088269221001433,
        0.04592247456614934,
        0.014918486092170835,
        0.11059194355966417,
        0.0,
        0.0,
        0.0,
        0.0,
        0.8888916651755281,
        0.37114602528987817,
        0.0,
        0.0,
        0.0,
        0.0,
        0.0
      ],
      [
        -0.23138850927352905,
        -0.4567046503092538,
        -0.25166696132417865,
        -0.27194541337340805,
        -0.23138850927352905,
        -0.25572265357230073,
        -0.11365522882488266,
        -0.15029387558768637,
        -0.09355562839409881,
        -0.10527228574074532,
        1.07138752508259,
        0.02519559773019442,
        0.05459046184473193,
        0.0671882575491467,
        0.0,
        -0.11757945875635034,
        -0.02099633019675118,
        0.07978605555176177,
        0.0,
        0.0,
        0.1508744514910081,
        0.0755071605671962,
        -0.04078070649085358,
        0.1254900601948017,
        0.0,
        0.0,
        0.0,
        0.0,
        0.0,
        0.0,
        -0.05462192479707384,
        0.0009945055645713685,
        0.022603927895491205,
        -0.03318719202269277,
        -0.009342650145672482,
        -0.07125951159449406,
        0.0,
        0.0,
        0.0,
        0.0,
        -0.6027831247609328,
        -0.25166696132417865,
        0.0,
        0.0,
        0.0,
        0.0,
        0.0
      ],
      [
        -0.08166653476655483,
        -0.16118988067495654,
        -0.08882363567152307,
        -0.09598073657599016,
        -0.08166653476655483,
        -0.0902550565012199,
        -0.04011361119254597,
        -0.05304489868090212,
        -0.03301963435240185,
        -0.03715492530738501,
        0.02519559773019442,
        1.008892564131441,
        0.019267222318663013,
        0.023713503268848468,
        0.0,
        -0.04149863356001793,
        -0.0074104696700949685,
        0.028159785030163476,
        0.0,
        0.0,
        0.053249807583012454,
        0.026649586572844955,
        -0.014393191617586176,
        0.04429061046969923,
        0.0,
        0.0,
        0.0,
        0.0,
        0.0,
        0.0,
        -0.019278327136056816,
        0.0003510018789389252,
        0.007977857491685725,
        -0.011713127007060398,
        -0.0032974061175370106,
        -0.025150416233514522,
        0.0,
        0.0,
        0.0,
        0.0,
        -0.21274699063292202,
        -0.08882363567152307,
        0.0,
        0.0,
        0.0,
        0.0,
        0.0
      ],
      [
        -0.17694415897130966,
        -0.3492447421361442,
        -0.19245121096477114,
        -0.20795826295714637,
        -0.17694415897130966,
        -0.19555262276898677,
        -0.08691282441851911,
        -0.11493061373220792,
        -0.07154254140114436,
        -0.0805023383910195,
        0.05459046184473193,
        0.019267222318663013,
        1.0417456484304977,
        0.051379257172836645,
        0.0,
        -0.08991370620478589,
        -0.01605601764676773,
        0.06101286767262293,
        0.0,
        0.0,
        0.1153745841135474,
        0.05774077185074128,
        -0.031185245334922507,
        0.09596299014169873,
        0.0,
        0.0,
        0.0,
        0.0,
        0.0,
        0.0,
        -0.04176970777492395,
        0.000760504491041869,
        0.017285356219419623,
        -0.025378441393715367,
        -0.007144379489826158,
        -0.05449256977861905,
        0.0,
        0.0,
        0.0,
        0.0,
        -0.4609518138467177,
        -0.19245121096477114,
        0.0,
        0.0,
        0.0,
        0.0,
        0.0
      ],
      [
        -0.21777741611003876,
        -0.4298396622367662,
        -0.2368630176566766,
        -0.25594861920197776,
        -0.21777741611003876,
        -0.2406801396958791,
        -0.1069696249785701,
        -0.14145305649420514,
        -0.08805235438658077,
        -0.09907979636105568,
        0.0671882575491467,
        0.023713503268848468,
        0.051379257172836645,
        1.063236005832501,
        0.0,
        -0.1106630177789647,
        -0.019761251552202763,
        0.07509275665517734,
        0.0,
        0.0,
        0.14199948100314774,
        0.07106556156461996,
        -0.03838184021633356,
        0.11810828965117093,
        0.0,
        0.0,
        0.0,
        0.0,
        0.0,
        0.0,
        -0.05140886922207266,
        0.0009360052720197576,
        0.021274284430431167,
        -0.031235003563835628,
        -0.008793082256129403,
        -0.06706777441993106,
        0.0,
        0.0,
        0.0,
        0.0,
        -0.5673252824754194,
        -0.2368630176566766,
        0.0,
        0.0,
        0.0,
        0.0,
        0.0
      ],
      [
        0.0,
        0.0,
        0.0,
        0.0,
        0.0,
        0.0,
        0.0,
        0.0,
        0.0,
        0.0,
        0.0,
        0.0,
        0.0,
        0.0,
        1.0,
        0.0,
        0.0,
        0.0,
        0.0,
        0.0,
        0.0,
        0.0,
        0.0,
        0.0,
        0.0,
        0.0,
        0.0,
        0.0,
        0.0,
        0.0,
        0.0,
        0.0,
        0.0,
        0.0,
        0.0,
        0.0,
        0.0,
        0.0,
        0.0,
        0.0,
        0.0,
        0.0,
        0.0,
        0.0,
        0.0,
        0.0,
        0.0
      ],
      [
        0.3811105042695999,
        0.7522194604172636,
        0.41451030926454635,
        0.4479101142571533,
        0.3811105042695999,
        0.4211902732908168,
        0.18719685652966334,
        0.24754286565137829,
        0.1540916308173248,
        0.17338965554141827,
        -0.11757945875635034,
        -0.04149863356001793,
        -0.08991370620478589,
        -0.1106630177789647,
        0.0,
        1.193660294364343,
        0.03458219258263229,
        -0.13141233313841472,
        0.0,
        0.0,
        -0.24849910920281548,
        -0.12436474170663503,
        0.06716822321888505,
        -0.206689521370659,
        0.0,
        0.0,
        0.0,
        0.0,
        0.0,
        0.0,
        0.08996552669985025,
        -0.00163800956718696,
        -0.03722999936895932,
        0.054661259705145016,
        0.015387894758738474,
        0.1173686139063641,
        0.0,
        0.0,
        0.0,
        0.0,
        0.9928193122644622,
        0.41451030926454635,
        0.0,
        0.0,
        0.0,
        0.0,
        0.0
      ],
      [
        0.06805544160306454,
        0.13432489260246894,
        0.07401969200402103,
        0.07998394240455986,
        0.06805544160306454,
        0.07521254262479826,
        0.03342800734623341,
        0.0442040795874209,
        0.027516360344883806,
        0.030962435927695375,
        -0.02099633019675118,
        -0.0074104696700949685,
        -0.01605601764676773,
        -0.019761251552202763,
        0.0,
        0.03458219258263229,
        1.0061753910255467,
        -0.023466486133579045,
        0.0,
        0.0,
        -0.04437483709515211,
        -0.02220798757026872,
        0.011994325343066159,
        -0.03690883992606847,
        0.0,
        0.0,
        0.0,
        0.0,
        0.0,
        0.0,
        0.01606527156105564,
        -0.00029250158638731427,
        -0.006648214026625687,
        0.009760938548203257,
        0.0027478382279939317,
        0.020958679058951518,
        0.0,
        0.0,
        0.0,
        0.0,
        0.1772891483474086,
        0.07401969200402103,
        0.0,
        0.0,
        0.0,
        0.0,
        0.0
      ],
      [
        -0.25861068069934845,
        -0.5104345969099011,
        -0.2812748324401362,
        -0.3039389841793376,
        -0.25861068069934845,
        -0.28580766484252074,
        -0.12702642916439189,
        -0.16797550470235745,
        -0.10456216999437196,
        -0.11765725753797218,
        0.07978605555176177,
        0.028159785030163476,
        0.06101286767262293,
        0.07509275665517734,
        0.0,
        -0.13141233313841472,
        -0.023466486133579045,
        1.0891726482063087,
        0.0,
        0.0,
        0.1686243809734238,
        0.08439035187354837,
        -0.045578443447284345,
        0.1402535918433041,
        0.0,
        0.0,
        0.0,
        0.0,
        0.0,
        0.0,
        -0.0610480348136031,
        0.0011115051717728308,
        0.02526321709946644,
        -0.037091567892481025,
        -0.010441786292014532,
        -0.07964297878718907,
        0.0,
        0.0,
        0.0,
        0.0,
        -0.6736987705134005,
        -0.2812748324401362,
        0.0,
        0.0,
        0.0,
        0.0,
        0.0
      ],
      [
        0.0,
        0.0,
        0.0,
        0.0,
        0.0,
        0.0,
        0.0,
        0.0,
        0.0,
        0.0,
        0.0,
        0.0,
        0.0,
        0.0,
        0.0,
        0.0,
        0.0,
        0.0,
        1.0,
        0.0,
        0.0,
        0.0,
        0.0,
        0.0,
        0.0,
        0.0,
        0.0,
        0.0,
        0.0,
        0.0,
        0.0,
        0.0,
        0.0,
        0.0,
        0.0,
        0.0,
        0.0,
        0.0,
        0.0,
        0.0,
        0.0,
        0.0,
        0.0,
        0.0,
        0.0,
        0.0,
        0.0
      ],
      [
        0.0,
        0.0,
        0.0,
        0.0,
        0.0,
        0.0,
        0.0,
        0.0,
        0.0,
        0.0,
        0.0,
        0.0,
        0.0,
        0.0,
        0.0,
        0.0,
        0.0,
        0.0,
        0.0,
        1.0,
        0.0,
        0.0,
        0.0,
        0.0,
        0.0,
        0.0,
        0.0,
        0.0,
        0.0,
        0.0,
        0.0,
        0.0,
        0.0,
        0.0,
        0.0,
        0.0,
        0.0,
        0.0,
        0.0,
        0.0,
        0.0,
        0.0,
        0.0,
        0.0,
        0.0,
        0.0,
        0.0
      ],
      [
        -0.4890216439962387,
        -0.9659579220804577,
        -0.531945912837557,
        -0.5748701669073188,
        -0.4890216439962387,
        -0.5405307631617386,
        -0.24032401568141903,
        -0.3151732533638585,
        -0.1993191903457756,
        -0.2232268322943134,
        0.1508744514910081,
        0.053249807583012454,
        0.1153745841135474,
        0.14199948100314774,
        0.0,
        -0.24849910920281548,
        -0.04437483709515211,
        0.1686243809734238,
        0.0,
        0.0,
        1.3496941093470598,
        0.19957343461473032,
        -0.029593694953093497,
        0.2701974964076199,
        0.0,
        0.0,
        0.0,
        0.0,
        0.0,
        0.0,
        -0.11453208144701588,
        0.04372601248624364,
        -0.011047143212424393,
        -0.06807369339734115,
        0.0072129697755281,
        -0.16598482013418736,
        0.0,
        0.0,
        0.0,
        0.0,
        -1.2739353201645933,
        -0.531945912837557,
        0.0,
        0.0,
        0.0,
        0.0,
        0.0
      ],
      [
        -0.24474099464714527,
        -0.48310605333114753,
        -0.2661938549452376,
        -0.28764669646407426,
        -0.24474099464714527,
        -0.2704844199691936,
        -0.12009768880230809,
        -0.16054509633809133,
        -0.09796681918426575,
        -0.1108723896644393,
        0.0755071605671962,
        0.026649586572844955,
        0.05774077185074128,
        0.07106556156461996,
        0.0,
        -0.12436474170663503,
        -0.02220798757026872,
        0.08439035187354837,
        0.0,
        0.0,
        0.19957343461473032,
        1.136557445990235,
        -0.008456468105939141,
        0.1282084375435753,
        0.0,
        0.0,
        0.0,
        0.0,
        0.0,
        0.0,
        -0.0805413792475137,
        0.07029377522928258,
        -0.048900919793915226,
        -0.042387112028007295,
        0.031091060383372088,
        -0.07806698369121187,
        0.0,
        0.0,
        0.0,
        0.0,
        -0.6375672758067332,
        -0.2661938549452376,
        0.0,
        0.0,
        0.0,
        0.0,
        0.0
      ],
      [
        0.13227657042443752,
        0.25227028791663764,
        0.14307598697864177,
        0.15387543371625134,
        0.13227657042443752,
        0.14523588904247653,
        0.06253277010952046,
        0.12885729230723642,
        0.025919520011974728,
        0.047243550874292106,
        -0.04078070649085358,
        -0.014393191617586176,
        -0.031185245334922507,
        -0.03838184021633356,
        0.0,
        0.06716822321888505,
        0.011994325343066159,
        -0.045578443447284345,
        0.0,
        0.0,
        -0.029593694953093497,
        -0.008456468105939141,
        1.4391733559204942,
        0.025901244196406714,
        0.0,
        0.0,
        0.0,
        0.0,
        0.0,
        0.0,
        0.2257056525011908,
        -0.04689977983338056,
        -0.14905690845629166,
        0.1029958521579453,
        0.00651191184815722,
        -0.1265052241759541,
        0.0,
        0.0,
        0.0,
        0.0,
        0.3445896458014981,
        0.14307598697864177,
        0.0,
        0.0,
        0.0,
        0.0,
        0.0
      ],
      [
        -0.4067273661494255,
        -0.8050104745171156,
        -0.4425728479213209,
        -0.47841832643435556,
        -0.4067273661494255,
        -0.44974194511828447,
        -0.2004272841485255,
        -0.2528917042747474,
        -0.17169017405074438,
        -0.18844557063954892,
        0.1254900601948017,
        0.04429061046969923,
        0.09596299014169873,
        0.11810828965117093,
        0.0,
        -0.206689521370659,
        -0.03690883992606847,
        0.1402535918433041,
        0.0,
        0.0,
        0.2701974964076199,
        0.1282084375435753,
        0.025901244196406714,
        1.2464745372562993,
        0.0,
        0.0,
        0.0,
        0.0,
        0.0,
        0.0,
        -0.041202642895263875,
        -0.026327258137008924,
        0.02224990361038459,
        -0.035255549452516965,
        -0.025766337072868795,
        -0.1671495406464375,
        0.0,
        0.0,
        0.0,
        0.0,
        -1.0595530152429316,
        -0.4425728479213209,
        0.0,
        0.0,
        0.0,
        0.0,
        0.0
      ],
      [
        0.0,
        0.0,
        0.0,
        0.0,
        0.0,
        0.0,
        0.0,
        0.0,
        0.0,
        0.0,
        0.0,
        0.0,
        0.0,
        0.0,
        0.0,
        0.0,
        0.0,
        0.0,
        0.0,
        0.0,
        0.0,
        0.0,
        0.0,
        0.0,
        1.0,
        0.0,
        0.0,
        0.0,
        0.0,
        0.0,
        0.0,
        0.0,
        0.0,
        0.0,
        0.0,
        0.0,
        0.0,
        0.0,
        0.0,
        0.0,
        0.0,
        0.0,
        0.0,
        0.0,
        0.0,
        0.0,
        0.0
      ],
      [
        0.0,
        0.0,
        0.0,
        0.0,
        0.0,
        0.0,
        0.0,
        0.0,
        0.0,
        0.0,
        0.0,
        0.0,
        0.0,
        0.0,
        0.0,
        0.0,
        0.0,
        0.0,
        0.0,
        0.0,
        0.0,
        0.0,
        0.0,
        0.0,
        0.0,
        1.0,
        0.0,
        0.0,
        0.0,
        0.0,
        0.0,
        0.0,
        0.0,
        0.0,
        0.0,
        0.0,
        0.0,
        0.0,
        0.0,
        0.0,
        0.0,
        0.0,
        0.0,
        0.0,
        0.0,
        0.0,
        0.0
      ],
      [
        0.0,
        0.0,
        0.0,
        0.0,
        0.0,
        0.0,
        0.0,
        0.0,
        0.0,
        0.0,
        0.0,
        0.0,
        0.0,
        0.0,
        0.0,
        0.0,
        0.0,
        0.0,
        0.0,
        0.0,
        0.0,
        0.0,
        0.0,
        0.0,
        0.0,
        0.0,
        1.0,
        0.0,
        0.0,
        0.0,
        0.0,
        0.0,
        0.0,
        0.0,
        0.0,
        0.0,
        0.0,
        0.0,
        0.0,
        0.0,
        0.0,
        0.0,
        0.0,
        0.0,
        0.0,
        0.0,
        0.0
      ],
      [
        0.0,
        0.0,
        0.0,
        0.0,
        0.0,
        0.0,
        0.0,
        0.0,
        0.0,
        0.0,
        0.0,
        0.0,
        0.0,
        0.0,
        0.0,
        0.0,
        0.0,
        0.0,
        0.0,
        0.0,
        0.0,
        0.0,
        0.0,
        0.0,
        0.0,
        0.0,
        0.0,
        1.0,
        0.0,
        0.0,
        0.0,
        0.0,
        0.0,
        0.0,
        0.0,
        0.0,
        0.0,
        0.0,
        0.0,
        0.0,
        0.0,
        0.0,
        0.0,
        0.0,
        0.0,
        0.0,
        0.0
      ],
      [
        0.0,
        0.0,
        0.0,
        0.0,
        0.0,
        0.0,
        0.0,
        0.0,
        0.0,
        0.0,
        0.0,
        0.0,
        0.0,
        0.0,
        0.0,
        0.0,
        0.0,
        0.0,
        0.0,
        0.0,
        0.0,
        0.0,
        0.0,
        0.0,
        0.0,
        0.0,
        0.0,
        0.0,
        1.0,
        0.0,
        0.0,
        0.0,
        0.0,
        0.0,
        0.0,
        0.0,
        0.0,
        0.0,
        0.0,
        0.0,
        0.0,
        0.0,
        0.0,
        0.0,
        0.0,
        0.0,
        0.0
      ],
      [
        0.0,
        0.0,
        0.0,
        0.0,
        0.0,
        0.0,
        0.0,
        0.0,
        0.0,
        0.0,
        0.0,
        0.0,
        0.0,
        0.0,
        0.0,
        0.0,
        0.0,
        0.0,
        0.0,
        0.0,
        0.0,
        0.0,
        0.0,
        0.0,
        0.0,
        0.0,
        0.0,
        0.0,
        0.0,
        1.0,
        0.0,
        0.0,
        0.0,
        0.0,
        0.0,
        0.0,
        0.0,
        0.0,
        0.0,
        0.0,
        0.0,
        0.0,
        0.0,
        0.0,
        0.0,
        0.0,
        0.0
      ],
      [
        0.1770954206585884,
        0.34492376144084336,
        0.19219996564210895,
        0.20730451295844254,
        0.1770954206585884,
        0.19522087888744366,
        0.08561444557514952,
        0.13884963542127604,
        0.05633175021775161,
        0.07339500951979638,
        -0.05462192479707384,
        -0.019278327136056816,
        -0.04176970777492395,
        -0.05140886922207266,
        0.0,
        0.08996552669985025,
        0.01606527156105564,
        -0.0610480348136031,
        0.0,
        0.0,
        -0.11453208144701588,
        -0.0805413792475137,
        0.2257056525011908,
        -0.041202642895263875,
        0.0,
        0.0,
        0.0,
        0.0,
        0.0,
        0.0,
        1.1610110964840203,
        -0.07540372979126819,
        -0.03643566560568995,
        0.07505314389881784,
        -0.021920988132449137,
        -0.03183049833960494,
        0.0,
        0.0,
        0.0,
        0.0,
        0.4613458610394705,
        0.19219996564210895,
        0.0,
        0.0,
        0.0,
        0.0,
        0.0
      ],
      [
        -0.0032439399510622025,
        -0.004486372155845464,
        -0.003355762613699298,
        -0.003467566543808198,
        -0.0032439399510622025,
        -0.0033781189482355867,
        -0.0008873380500296069,
        -0.013900680946207777,
        0.006223894130707341,
        0.002076240280273589,
        0.0009945055645713685,
        0.0003510018789389252,
        0.000760504491041869,
        0.0009360052720197576,
        0.0,
        -0.00163800956718696,
        -0.00029250158638731427,
        0.0011115051717728308,
        0.0,
        0.0,
        0.04372601248624364,
        0.07029377522928258,
        -0.04689977983338056,
        -0.026327258137008924,
        0.0,
        0.0,
        0.0,
        0.0,
        0.0,
        0.0,
        -0.07540372979126819,
        1.1045108153457792,
        -0.0680253550921952,
        -0.029244856594229762,
        0.0552797219879326,
        0.03291933255188159,
        0.0,
        0.0,
        0.0,
        0.0,
        -0.008450688698316444,
        -0.003355762613699298,
        0.0,
        0.0,
        0.0,
        0.0,
        0.0
      ],
      [
        -0.07328853569924831,
        -0.14255493927601104,
        -0.07952250121341375,
        -0.08575649518312911,
        -0.07328853569924831,
        -0.08076930926488579,
        -0.03556474450439634,
        -0.055767188160325665,
        -0.024362439409872816,
        -0.03088269221001433,
        0.022603927895491205,
        0.007977857491685725,
        0.017285356219419623,
        0.021274284430431167,
        0.0,
        -0.03722999936895932,
        -0.006648214026625687,
        0.02526321709946644,
        0.0,
        0.0,
        -0.011047143212424393,
        -0.048900919793915226,
        -0.14905690845629166,
        0.02224990361038459,
        0.0,
        0.0,
        0.0,
        0.0,
        0.0,
        0.0,
        -0.03643566560568995,
        -0.0680253550921952,
        1.1219282873216518,
        -0.021693477029356215,
        -0.050034002920253506,
        0.01932829876290576,
        0.0,
        0.0,
        0.0,
        0.0,
        -0.19092172163883658,
        -0.07952250121341375,
        0.0,
        0.0,
        0.0,
        0.0,
        0.0
      ],
      [
        0.10759064741432667,
        0.21039447474571493,
        0.11684298913037994,
        0.12609533262553407,
        0.10759064741432667,
        0.11869345991205105,
        0.05226929665455099,
        0.07993076258111009,
        0.037058760582067696,
        0.04592247456614934,
        -0.03318719202269277,
        -0.011713127007060398,
        -0.025378441393715367,
        -0.031235003563835628,
        0.0,
        0.054661259705145016,
        0.009760938548203257,
        -0.037091567892481025,
        0.0,
        0.0,
        -0.06807369339734115,
        -0.042387112028007295,
        0.1029958521579453,
        -0.035255549452516965,
        0.0,
        0.0,
        0.0,
        0.0,
        0.0,
        0.0,
        0.07505314389881784,
        -0.029244856594229762,
        -0.021693477029356215,
        1.0362066487279875,
        -0.006277592196364978,
        -0.0036493763445452077,
        0.0,
        0.0,
        0.0,
        0.0,
        0.2802811031847505,
        0.11684298913037994,
        0.0,
        0.0,
        0.0,
        0.0,
        0.0
      ],
      [
        0.030277036130428314,
        0.0602572352005053,
        0.0329752507034935,
        0.0356734777156289,
        0.030277036130428314,
        0.03351489960940013,
        0.015107606673360752,
        0.015867776109829146,
        0.014660200275728341,
        0.014918486092170835,
        -0.009342650145672482,
        -0.0032974061175370106,
        -0.007144379489826158,
        -0.008793082256129403,
        0.0,
        0.015387894758738474,
        0.0027478382279939317,
        -0.010441786292014532,
        0.0,
        0.0,
        0.0072129697755281,
        0.031091060383372088,
        0.00651191184815722,
        -0.025766337072868795,
        0.0,
        0.0,
        0.0,
        0.0,
        0.0,
        0.0,
        -0.021920988132449137,
        0.0552797219879326,
        -0.050034002920253506,
        -0.006277592196364978,
        1.0322801970174798,
        0.017398819087255213,
        0.0,
        0.0,
        0.0,
        0.0,
        0.07887378031216308,
        0.0329752507034935,
        0.0,
        0.0,
        0.0,
        0.0,
        0.0
      ],
      [
        0.2309342510998249,
        0.4594947286454292,
        0.25150469965220523,
        0.2720751394664114,
        0.2309342510998249,
        0.2556187856481684,
        0.11447991894342424,
        0.1316554546383022,
        0.10514118724280275,
        0.11059194355966417,
        -0.07125951159449406,
        -0.025150416233514522,
        -0.05449256977861905,
        -0.06706777441993106,
        0.0,
        0.1173686139063641,
        0.020958679058951518,
        -0.07964297878718907,
        0.0,
        0.0,
        -0.16598482013418736,
        -0.07806698369121187,
        -0.1265052241759541,
        -0.1671495406464375,
        0.0,
        0.0,
        0.0,
        0.0,
        0.0,
        0.0,
        -0.03183049833960494,
        0.03291933255188159,
        0.01932829876290576,
        -0.0036493763445452077,
        0.017398819087255213,
        1.140714869864993,
        0.0,
        0.0,
        0.0,
        0.0,
        0.601599750693425,
        0.25150469965220523,
        0.0,
        0.0,
        0.0,
        0.0,
        0.0
      ],
      [
        0.0,
        0.0,
        0.0,
        0.0,
        0.0,
        0.0,
        0.0,
        0.0,
        0.0,
        0.0,
        0.0,
        0.0,
        0.0,
        0.0,
        0.0,
        0.0,
        0.0,
        0.0,
        0.0,
        0.0,
        0.0,
        0.0,
        0.0,
        0.0,
        0.0,
        0.0,
        0.0,
        0.0,
        0.0,
        0.0,
        0.0,
        0.0,
        0.0,
        0.0,
        0.0,
        0.0,
        1.0,
        0.0,
        0.0,
        0.0,
        0.0,
        0.0,
        0.0,
        0.0,
        0.0,
        0.0,
        0.0
      ],
      [
        0.0,
        0.0,
        0.0,
        0.0,
        0.0,
        0.0,
        0.0,
        0.0,
        0.0,
        0.0,
        0.0,
        0.0,
        0.0,
        0.0,
        0.0,
        0.0,
        0.0,
        0.0,
        0.0,
        0.0,
        0.0,
        0.0,
        0.0,
        0.0,
        0.0,
        0.0,
        0.0,
        0.0,
        0.0,
        0.0,
        0.0,
        0.0,
        0.0,
        0.0,
        0.0,
        0.0,
        0.0,
        1.0,
        0.0,
        0.0,
        0.0,
        0.0,
        0.0,
        0.0,
        0.0,
        0.0,
        0.0
      ],
      [
        0.0,
        0.0,
        0.0,
        0.0,
        0.0,
        0.0,
        0.0,
        0.0,
        0.0,
        0.0,
        0.0,
        0.0,
        0.0,
        0.0,
        0.0,
        0.0,
        0.0,
        0.0,
        0.0,
        0.0,
        0.0,
        0.0,
        0.0,
        0.0,
        0.0,
        0.0,
        0.0,
        0.0,
        0.0,
        0.0,
        0.0,
        0.0,
        0.0,
        0.0,
        0.0,
        0.0,
        0.0,
        0.0,
        1.0,
        0.0,
        0.0,
        0.0,
        0.0,
        0.0,
        0.0,
        0.0,
        0.0
      ],
      [
        0.0,
        0.0,
        0.0,
        0.0,
        0.0,
        0.0,
        0.0,
        0.0,
        0.0,
        0.0,
        0.0,
        0.0,
        0.0,
        0.0,
        0.0,
        0.0,
        0.0,
        0.0,
        0.0,
        0.0,
        0.0,
        0.0,
        0.0,
        0.0,
        0.0,
        0.0,
        0.0,
        0.0,
        0.0,
        0.0,
        0.0,
        0.0,
        0.0,
        0.0,
        0.0,
        0.0,
        0.0,
        0.0,
        0.0,
        1.0,
        0.0,
        0.0,
        0.0,
        0.0,
        0.0,
        0.0,
        0.0
      ],
      [
        1.9538020491600037,
        3.856324704199146,
        2.125029082678928,
        2.2962561161978527,
        1.9538020491600037,
        2.1592745049101367,
        0.9596823151679068,
        1.2690809817202897,
        0.7899491362562827,
        0.8888916651755281,
        -0.6027831247609328,
        -0.21274699063292202,
        -0.4609518138467177,
        -0.5673252824754194,
        0.0,
        0.9928193122644622,
        0.1772891483474086,
        -0.6736987705134005,
        0.0,
        0.0,
        -1.2739353201645933,
        -0.6375672758067332,
        0.3445896458014981,
        -1.0595530152429316,
        0.0,
        0.0,
        0.0,
        0.0,
        0.0,
        0.0,
        0.4613458610394705,
        -0.008450688698316444,
        -0.19092172163883658,
        0.2802811031847505,
        0.07887378031216308,
        0.601599750693425,
        0.0,
        0.0,
        0.0,
        0.0,
        6.0897899297357725,
        2.125029082678928,
        0.0,
        0.0,
        0.0,
        0.0,
        0.0
      ],
      [
        0.8157283961772919,
        1.6100648188232078,
        0.8872186719752371,
        0.9587089477343333,
        0.8157283961772919,
        0.9015167335925298,
        0.400680265949398,
        0.529763909657536,
        0.32986659146748387,
        0.37114602528987817,
        -0.25166696132417865,
        -0.08882363567152307,
        -0.19245121096477114,
        -0.2368630176566766,
        0.0,
        0.41451030926454635,
        0.07401969200402103,
        -0.2812748324401362,
        0.0,
        0.0,
        -0.531945912837557,
        -0.2661938549452376,
        0.14307598697864177,
        -0.4425728479213209,
        0.0,
        0.0,
        0.0,
        0.0,
        0.0,
        0.0,
        0.19219996564210895,
        -0.003355762613699298,
        -0.07952250121341375,
        0.11684298913037994,
        0.0329752507034935,
        0.25150469965220523,
        0.0,
        0.0,
        0.0,
        0.0,
        2.125029082678928,
        1.887218671975237,
        0.0,
        0.0,
        0.0,
        0.0,
        0.0
      ],
      [
        0.0,
