{
  "A": [
    [
      [
        18.25,
        28.439835101366043,
        18.257085025310516,
        19.264170348644257,
        17.25,
        18.45850220322609,
        8.759739346802235,
        13.394927740097046,
        5.1697250828146935,
        7.175607830286026,
        -4.809835456311703,
        1.0860919393599033,
        -3.568587649613619,
        -4.189211554825306,
        2.6376517862081528,
        8.223266988992691,
        2.0170278884470463,
        -4.499523542821407,
        0.0,
        0.0,
        -3.9481631256639957,
        7.090620577335358,
        -2.7307125590741634,
        -0.8953515058383346,
        4.557495288550854,
        12.567769438028336,
        0.0,
        0.0,
        0.0,
        0.0,
        -12.191979870200157,
        2.3917497284710407,
        -12.082116544246674,
        -11.077061995863914,
        0.0,
        0.0,
        0.0,
        0.0,
        0.0,
        0.0,
        49.675453305244446,
        18.257085025310516,
        0.0,
        0.0,
        0.0,
        0.0,
        0.0
      ],
      [
        28.439835101366043,
        48.45313274824626,
        30.151031675894856,
        31.862228700282834,
        28.439835101366043,
        30.49327126325212,
        14.392698462481732,
        22.118480035243117,
        8.54710788700024,
        11.821383811411986,
        -7.931526469300412,
        1.7909899495773083,
        -5.884681011521666,
        -6.908103745126538,
        4.349546908694574,
        13.560351570582064,
        3.326124194877644,
        -7.419815165361511,
        0.0,
        0.0,
        -6.508511005441303,
        11.68882353945477,
        -4.501554819527821,
        -1.4759788157251772,
        7.5129895390350505,
        20.717853624856012,
        0.0,
        0.0,
        0.0,
        0.0,
        -20.098147771480008,
        3.942734484572568,
        -19.917041063290007,
        -18.260235907825177,
        0.0,
        0.0,
        0.0,
        0.0,
        0.0,
        0.0,
        81.89922901952237,
        30.151031675894856,
        0.0,
        0.0,
        0.0,
        0.0,
        0.0
      ],
      [
        18.257085025310516,
        30.151031675894856,
        20.32754008286168,
        20.39799545210126,
        18.257085025310516,
        19.541631276189182,
        9.266705598657945,
        14.180047342500718,
        5.473689495849776,
        7.593727613019043,
        -5.090787610189451,
        1.1495327518588676,
        -3.7770360245176513,
        -4.433911819472954,
        2.791722326781897,
        8.703604537579752,
        2.1348465403875387,
        -4.762349753964667,
        0.0,
        0.0,
        -4.178594404207654,
        7.504458788905486,
        -2.8900883413256637,
        -0.9476079567805508,
        4.823489735729938,
        13.30127691732154,
        0.0,
        0.0,
        0.0,
        0.0,
        -12.903534886707344,
        2.5313383379605465,
        -12.787259657205096,
        -11.72354756198403,
        0.0,
        0.0,
        0.0,
        0.0,
        0.0,
        0.0,
        52.57559273418494,
        19.32754008286168,
        0.0,
        0.0,
        0.0,
        0.0,
        0.0
      ],
      [
        19.264170348644257,
        31.862228700282834,
        20.39799545210126,
        22.531820880911987,
        19.264170348644257,
        20.624760663573785,
        9.77367200600478,
        14.965167169377715,
        5.777653999016941,
        8.011847521701977,
        -5.371739847046542,
        1.2129735830951043,
        -3.9854844609870037,
        -4.6786121563929335,
        2.945792912860445,
        9.183942228034718,
        2.2526652271258234,
        -5.025176042733764,
        0.0,
        0.0,
        -4.409025751019158,
        7.918297123079819,
        -3.0494641707940233,
        -0.9998644232043254,
        5.089484261712853,
        14.034784613924545,
        0.0,
        0.0,
        0.0,
        0.0,
        -13.61509011404273,
        2.6709269888090676,
        -13.492402979091924,
        -12.370033319652773,
        0.0,
        0.0,
        0.0,
        0.0,
        0.0,
        0.0,
        55.47573302135376,
        20.39799545210126,
        0.0,
        0.0,
        0.0,
        0.0,
        0.0
      ],
      [
        17.25,
        28.439835101366043,
        18.257085025310516,
        19.264170348644257,
        18.25,
        18.45850220322609,
        8.759739346802235,
        13.394927740097046,
        5.1697250828146935,
        7.175607830286026,
        -4.809835456311703,
        1.0860919393599033,
        -3.568587649613619,
        -4.189211554825306,
        2.6376517862081528,
        8.223266988992691,
        2.0170278884470463,
        -4.499523542821407,
        0.0,
        0.0,
        -3.9481631256639957,
        7.090620577335358,
        -2.7307125590741634,
        -0.8953515058383346,
        4.557495288550854,
        12.567769438028336,
        0.0,
        0.0,
        0.0,
        0.0,
        -12.191979870200157,
        2.3917497284710407,
        -12.082116544246674,
        -11.077061995863914,
        0.0,
        0.0,
        0.0,
        0.0,
        0.0,
        0.0,
        49.675453305244446,
        18.257085025310516,
        0.0,
        0.0,
        0.0,
        0.0,
        0.0
      ],
      [
        18.45850220322609,
        30.49327126325212,
        19.541631276189182,
        20.624760663573785,
        18.45850220322609,
        20.758257274391877,
        9.368098938586911,
        14.337071389195026,
        5.534482434116122,
        7.677351643841859,
        -5.1469780891260655,
        1.1622209252337403,
        -3.8187257352308612,
        -4.482851914349217,
        2.822536461307554,
        8.799672129637047,
        2.1584102909722143,
        -4.814915041247219,
        0.0,
        0.0,
        -4.224680699495993,
        7.587226502301677,
        -2.921963525150853,
        -0.9580592559447277,
        4.876688670853803,
        13.447978539169751,
        0.0,
        0.0,
        0.0,
        0.0,
        -13.04584601223603,
        2.5592560838362592,
        -12.928288400922629,
        -11.852844786258009,
        0.0,
        0.0,
        0.0,
        0.0,
        0.0,
        0.0,
        53.15562111774547,
        19.541631276189182,
        0.0,
        0.0,
        0.0,
        0.0,
        0.0
      ],
      [
        8.759739346802235,
        14.392698462481732,
        9.266705598657945,
        9.77367200600478,
        8.759739346802235,
        9.368098938586911,
        5.452902486835443,
        6.795492360743924,
        2.625371753300734,
        3.645712093358953,
        -2.4423458660256436,
        0.5514974852310753,
        -1.812063089054085,
        -2.1272044782153916,
        1.3393510019149404,
        4.175623535806426,
        1.0242096158213108,
        -2.2847751913435363,
        0.0,
        0.0,
        -2.0049879216047835,
        3.600815913719067,
        -1.3867323927254018,
        -0.4546845956587506,
        2.314423875949738,
        6.382265656446162,
        0.0,
        0.0,
        0.0,
        0.0,
        -6.19144842578002,
        1.214601340389324,
        -6.135656575112355,
        -5.625260114371877,
        0.0,
        0.0,
        0.0,
        0.0,
        0.0,
        0.0,
        25.225740457286197,
        9.266705598657945,
        0.0,
        0.0,
        0.0,
        0.0,
        0.0
      ],
      [
        13.394927740097046,
        22.118480035243117,
        14.180047342500718,
        14.965167169377715,
        13.394927740097046,
        14.337071389195026,
        6.795492360743924,
        11.447597455131039,
        3.98857917185127,
        5.558186491727317,
        -3.735020203058327,
        0.8433917069853362,
        -2.7711440642217005,
        -3.2530821366193896,
        2.048236951396298,
        6.385679641772068,
        1.5662988858922837,
        -3.4940511983504328,
        0.0,
        0.0,
        -3.065771014338086,
        5.505907012068657,
        -2.12041375811553,
        -0.6952455120941288,
        3.5389208893432857,
        9.758944103092436,
        0.0,
        0.0,
        0.0,
        0.0,
        -9.467127902254894,
        1.8572045575528424,
        -9.381818531470248,
        -8.601389092525805,
        0.0,
        0.0,
        0.0,
        0.0,
        0.0,
        0.0,
        38.57386130320663,
        14.180047342500718,
        0.0,
        0.0,
        0.0,
        0.0,
        0.0
      ],
      [
        5.1697250828146935,
        8.54710788700024,
        5.473689495849776,
        5.777653999016941,
        5.1697250828146935,
        5.534482434116122,
        2.625371753300734,
        3.98857917185127,
        2.56719660873961,
        2.1583026316385867,
        -1.4415482183435757,
        0.3255109065808211,
        -1.0695357895297062,
        -1.2555420036885154,
        0.7905264670825691,
        2.4645824114904156,
        0.6045202550783659,
        -1.3485451221741278,
        0.0,
        0.0,
        -1.1832090331276306,
        2.1249593932146924,
        -0.8183561988017175,
        -0.2683242703725474,
        1.3658173231136497,
        3.7663839758093136,
        0.0,
        0.0,
        0.0,
        0.0,
        -3.653755848903107,
        0.7167719810710106,
        -3.6208314355257922,
        -3.3196314693755054,
        0.0,
        0.0,
        0.0,
        0.0,
        0.0,
        0.0,
        14.8874456204239,
        5.473689495849776,
        0.0,
        0.0,
        0.0,
        0.0,
        0.0
      ],
      [
        7.175607830286026,
        11.821383811411986,
        7.593727613019043,
        8.011847521701977,
        7.175607830286026,
        7.677351643841859,
        3.645712093358953,
        5.558186491727317,
        2.1583026316385867,
        3.9890144440523274,
        -2.000756625176978,
        0.4517837799183104,
        -1.4844323564077366,
        -1.7425944911108706,
        1.097189152012144,
        3.4206483888841928,
        0.8390270200942136,
        -1.8716755737570543,
        0.0,
        0.0,
        -1.6423582822664864,
        2.949558835684454,
        -1.1359227685118993,
        -0.37244863355328206,
        1.895828488705418,
        5.227945140737396,
        0.0,
        0.0,
        0.0,
        0.0,
        -5.071627563492642,
        0.9949215779348581,
        -5.025926546415022,
        -4.607843315482215,
        0.0,
        0.0,
        0.0,
        0.0,
        0.0,
        0.0,
        20.663859229572168,
        7.593727613019043,
        0.0,
        0.0,
        0.0,
        0.0,
        0.0
      ],
      [
        -4.809835456311703,
        -7.931526469300412,
        -5.090787610189451,
        -5.371739847046542,
        -4.809835456311703,
        -5.1469780891260655,
        -2.4423458660256436,
        -3.735020203058327,
        -1.4415482183435757,
        -2.000756625176978,
        2.341136060382773,
        -0.30283719224624644,
        0.9950364466601879,
        1.1680862540455492,
        -0.7354617340435167,
        -2.292910015999054,
        -0.5624119287571001,
        1.2546111675920613,
        0.0,
        0.0,
        1.1008682268754595,
        -1.9770811524299012,
        0.7614058987286824,
        0.24965129182982565,
        -1.270768607492653,
        -3.5042772085972818,
        0.0,
        0.0,
        0.0,
        0.0,
        3.399494991698248,
        -0.666892605620992,
        3.3688617532684098,
        3.088621961145533,
        0.0,
        0.0,
        0.0,
        0.0,
        0.0,
        0.0,
        -13.85105835454615,
        -5.090787610189451,
        0.0,
        0.0,
        0.0,
        0.0,
        0.0
      ],
      [
        1.0860919393599033,
        1.7909899495773083,
        1.1495327518588676,
        1.2129735830951043,
        1.0860919393599033,
        1.1622209252337403,
        0.5514974852310753,
        0.8433917069853362,
        0.3255109065808211,
        0.4517837799183104,
        -0.30283719224624644,
        1.0683825957087574,
        -0.22468566209699076,
        -0.2637614272899565,
        0.16607201396010943,
        0.5177539041939314,
        0.12699624924109887,
        -0.28329931211149845,
        0.0,
        0.0,
        -0.24858316222502014,
        0.4464377051206433,
        -0.17193037406480768,
        -0.05637287557363584,
        0.28694776649462306,
        0.7912884472091556,
        0.0,
        0.0,
        0.0,
        0.0,
        -0.7676279452657913,
        0.15058866149705807,
        -0.7607107619988183,
        -0.6974308053186845,
        0.0,
        0.0,
        0.0,
        0.0,
        0.0,
        0.0,
        3.127658517036247,
        1.1495327518588676,
        0.0,
        0.0,
        0.0,
        0.0,
        0.0
      ],
      [
        -3.568587649613619,
        -5.884681011521666,
        -3.7770360245176513,
        -3.9854844609870037,
        -3.568587649613619,
        -3.8187257352308612,
        -1.812063089054085,
        -2.7711440642217005,
        -1.0695357895297062,
        -1.4844323564077366,
        0.9950364466601879,
        -0.22468566209699076,
        1.7382528584754833,
        0.8666446529566612,
        -0.5456651656121563,
        -1.7011913274333117,
        -0.41727337268826137,
        0.9308405575081571,
        0.0,
        0.0,
        0.8167732127209204,
        -1.4668666832754675,
        0.5649140622891646,
        0.18522515475491405,
        -0.9428283356969704,
        -2.5999476450095593,
        0.0,
        0.0,
        0.0,
        0.0,
        2.5222059990602212,
        -0.49479129539352257,
        2.4994781121455283,
        2.291558263287447,
        0.0,
        0.0,
        0.0,
        0.0,
        0.0,
        0.0,
        -10.276591835017586,
        -3.7770360245176513,
        0.0,
        0.0,
        0.0,
        0.0,
        0.0
      ],
      [
        -4.189211554825306,
        -6.908103745126538,
        -4.433911819472954,
        -4.6786121563929335,
        -4.189211554825306,
        -4.482851914349217,
        -2.1272044782153916,
        -3.2530821366193896,
        -1.2555420036885154,
        -1.7425944911108706,
        1.1680862540455492,
        -0.2637614272899565,
        0.8666446529566612,
        2.0173654539575496,
        -0.6405634501152286,
        -1.99705067261217,
        -0.4898426509424513,
        1.0927258630403665,
        0.0,
        0.0,
        0.9588207202222696,
        -1.7219739186143013,
        0.6631599808022344,
        0.21743822338854119,
        -1.106798472084341,
        -3.052112428153348,
        0.0,
        0.0,
        0.0,
        0.0,
        2.9608504966881535,
        -0.5808419507640333,
        2.934169934004095,
        2.690090113405713,
        0.0,
        0.0,
        0.0,
        0.0,
        0.0,
        0.0,
        -12.063825100145795,
        -4.433911819472954,
        0.0,
        0.0,
        0.0,
        0.0,
        0.0
      ],
      [
        2.6376517862081528,
        4.349546908694574,
        2.791722326781897,
        2.945792912860445,
        2.6376517862081528,
        2.822536461307554,
        1.3393510019149404,
        2.048236951396298,
        0.7905264670825691,
        1.097189152012144,
        -0.7354617340435167,
        0.16607201396010943,
        -0.5456651656121563,
        -0.6405634501152286,
        1.403317738013781,
        1.2574023070344633,
        0.3084194546617445,
        -0.6880125977704792,
        0.0,
        0.0,
        -0.6037019501806653,
        1.084205827953645,
        -0.41754518362856613,
        -0.13690555151233227,
        0.696873129628867,
        1.9217004661931867,
        0.0,
        0.0,
        0.0,
        0.0,
        -1.864239248637598,
        0.36571531155684184,
        -1.8474403754128288,
        -1.6937604844933483,
        0.0,
        0.0,
        0.0,
        0.0,
        0.0,
        0.0,
        7.59574192123349,
        2.791722326781897,
        0.0,
        0.0,
        0.0,
        0.0,
        0.0
      ],
      [
        8.223266988992691,
        13.560351570582064,
        8.703604537579752,
        9.183942228034718,
        8.223266988992691,
        8.799672129637047,
        4.175623535806426,
        6.385679641772068,
        2.4645824114904156,
        3.4206483888841928,
        -2.292910015999054,
        0.5177539041939314,
        -1.7011913274333117,
        -1.99705067261217,
        1.2574023070344633,
        4.920136440122449,
        0.9615429654441231,
        -2.1449803620484724,
        0.0,
        0.0,
        -1.8821295305270118,
        3.3801709690524673,
        -1.3017584591228597,
        -0.4268231721254762,
        2.1726043719301464,
        5.991183555341047,
        0.0,
        0.0,
        0.0,
        0.0,
        -5.812039766933939,
        1.1401712176687469,
        -5.759666811427612,
        -5.280547171577284,
        0.0,
        0.0,
        0.0,
        0.0,
        0.0,
        0.0,
        23.68084146830519,
        8.703604537579752,
        0.0,
        0.0,
        0.0,
        0.0,
        0.0
      ],
      [
        2.0170278884470463,
        3.326124194877644,
        2.1348465403875387,
        2.2526652271258234,
        2.0170278884470463,
        2.1584102909722143,
        1.0242096158213108,
        1.5662988858922837,
        0.6045202550783659,
        0.8390270200942136,
        -0.5624119287571001,
        0.12699624924109887,
        -0.41727337268826137,
        -0.4898426509424513,
        0.3084194546617445,
        0.9615429654441231,
        1.235850177287758,
        -0.5261272942017986,
        0.0,
        0.0,
        -0.4616544443743601,
        0.82909859565899,
        -0.31929926628785865,
        -0.10469248326310163,
        0.5329029951981418,
        1.469535688445052,
        0.0,
        0.0,
        0.0,
        0.0,
        -1.4255947562410558,
        0.2796646572125941,
        -1.4127485587385138,
        -1.2952286391280778,
        0.0,
        0.0,
        0.0,
        0.0,
        0.0,
        0.0,
        5.808508677560988,
        2.1348465403875387,
        0.0,
        0.0,
        0.0,
        0.0,
        0.0
      ],
      [
        -4.499523542821407,
        -7.419815165361511,
        -4.762349753964667,
        -5.025176042733764,
        -4.499523542821407,
        -4.814915041247219,
        -2.2847751913435363,
        -3.4940511983504328,
        -1.3485451221741278,
        -1.8716755737570543,
        1.2546111675920613,
        -0.28329931211149845,
        0.9308405575081571,
        1.0927258630403665,
        -0.6880125977704792,
        -2.1449803620484724,
        -0.5261272942017986,
        2.1736685250245724,
        0.0,
        0.0,
        1.0298444820797343,
        -1.8495275508429372,
        0.7122829456657599,
        0.23354475954378612,
        -1.1887835496359618,
        -3.278194845530728,
        0.0,
        0.0,
        0.0,
        0.0,
        3.180172770537915,
        -0.623867283360661,
        3.151515869743571,
        2.889356061211197,
        0.0,
        0.0,
        0.0,
        0.0,
        0.0,
        0.0,
        -12.957441834624515,
        -4.762349753964667,
        0.0,
        0.0,
        0.0,
        0.0,
        0.0
      ],
      [
        0.0,
        0.0,
        0.0,
        0.0,
        0.0,
        0.0,
        0.0,
        0.0,
        0.0,
        0.0,
        0.0,
        0.0,
        0.0,
        0.0,
        0.0,
        0.0,
        0.0,
        0.0,
        1.0,
        0.0,
        0.0,
        0.0,
        0.0,
        0.0,
        0.0,
        0.0,
        0.0,
        0.0,
        0.0,
        0.0,
        0.0,
        0.0,
        0.0,
        0.0,
        0.0,
        0.0,
        0.0,
        0.0,
        0.0,
        0.0,
        0.0,
        0.0,
        0.0,
        0.0,
        0.0,
        0.0,
        0.0
      ],
      [
        0.0,
        0.0,
        0.0,
        0.0,
        0.0,
        0.0,
        0.0,
        0.0,
        0.0,
        0.0,
        0.0,
        0.0,
        0.0,
        0.0,
        0.0,
        0.0,
        0.0,
        0.0,
        0.0,
        1.0,
        0.0,
        0.0,
        0.0,
        0.0,
        0.0,
        0.0,
        0.0,
        0.0,
        0.0,
        0.0,
        0.0,
        0.0,
        0.0,
        0.0,
        0.0,
        0.0,
        0.0,
        0.0,
        0.0,
        0.0,
        0.0,
        0.0,
        0.0,
        0.0,
        0.0,
        0.0,
        0.0
      ],
      [
        -3.9481631256639957,
        -6.508511005441303,
        -4.178594404207654,
        -4.409025751019158,
        -3.9481631256639957,
        -4.224680699495993,
        -2.0049879216047835,
        -3.065771014338086,
        -1.1832090331276306,
        -1.6423582822664864,
        1.1008682268754595,
        -0.24858316222502014,
        0.8167732127209204,
        0.9588207202222696,
        -0.6037019501806653,
        -1.8821295305270118,
        -0.4616544443743601,
        1.0298444820797343,
        0.0,
        0.0,
        1.9036527655487583,
        -1.6228961900007752,
        0.6250035465560346,
        0.20492741526381006,
        -1.0431162772070741,
        -2.876502122113236,
        0.0,
        0.0,
        0.0,
        0.0,
        2.7904919737691047,
        -0.5474220341262056,
        2.7653465312261662,
        2.5353103369452468,
        0.0,
        0.0,
        0.0,
        0.0,
        0.0,
        0.0,
        -11.369669158864335,
        -4.178594404207654,
        0.0,
        0.0,
        0.0,
        0.0,
        0.0
      ],
      [
        7.090620577335358,
        11.68882353945477,
        7.504458788905486,
        7.918297123079819,
        7.090620577335358,
        7.587226502301677,
        3.600815913719067,
        5.505907012068657,
        2.1249593932146924,
        2.949558835684454,
        -1.9770811524299012,
        0.4464377051206433,
        -1.4668666832754675,
        -1.7219739186143013,
        1.084205827953645,
        3.3801709690524673,
        0.82909859565899,
        -1.8495275508429372,
        0.0,
        0.0,
        -1.6228961900007752,
        3.914606300042263,
        -1.1224619822048558,
        -0.36803508398093726,
        1.8733627523168443,
        5.165993523709106,
        0.0,
        0.0,
        0.0,
        0.0,
        -5.011525405674938,
        0.9831310956770857,
        -4.966365976683405,
        -4.553237308799625,
        0.0,
        0.0,
        0.0,
        0.0,
        0.0,
        0.0,
        20.419118341717564,
        7.504458788905486,
        0.0,
        0.0,
        0.0,
        0.0,
        0.0
      ],
      [
        -2.7307125590741634,
        -4.501554819527821,
        -2.8900883413256637,
        -3.0494641707940233,
        -2.7307125590741634,
        -2.921963525150853,
        -1.3867323927254018,
        -2.12041375811553,
        -0.8183561988017175,
        -1.1359227685118993,
        0.7614058987286824,
        -0.17193037406480768,
        0.5649140622891646,
        0.6631599808022344,
        -0.41754518362856613,
        -1.3017584591228597,
        -0.31929926628785865,
        0.7122829456657599,
        0.0,
        0.0,
        0.6250035465560346,
        -1.1224619822048558,
        1.432278246800255,
        0.14173625778554808,
        -0.7214622669016448,
        -1.9895075813827339,
        0.0,
        0.0,
        0.0,
        0.0,
        1.930019413134245,
        -0.37861967100158217,
        1.9126277873148838,
        1.7535252617175705,
        0.0,
        0.0,
        0.0,
        0.0,
        0.0,
        0.0,
        -7.863732418454097,
        -2.8900883413256637,
        0.0,
        0.0,
        0.0,
        0.0,
        0.0
      ],
      [
        -0.8953515058383346,
        -1.4759788157251772,
        -0.9476079567805508,
        -0.9998644232043254,
        -0.8953515058383346,
        -0.9580592559447277,
        -0.4546845956587506,
        -0.6952455120941288,
        -0.2683242703725474,
        -0.37244863355328206,
        0.24965129182982565,
        -0.05637287557363584,
        0.18522515475491405,
        0.21743822338854119,
        -0.13690555151233227,
        -0.4268231721254762,
        -0.10469248326310163,
        0.23354475954378612,
        0.0,
        0.0,
        0.20492741526381006,
        -0.36803508398093726,
        0.14173625778554808,
        1.046472768222211,
        -0.23655449378040902,
        -0.6523237324765565,
        0.0,
        0.0,
        0.0,
        0.0,
        0.6328186326649448,
        -0.12414257642837859,
        0.6271162315409292,
        0.5749493766290775,
        0.0,
        0.0,
        0.0,
        0.0,
        0.0,
        0.0,
        -2.5783763431914486,
        -0.9476079567805508,
        0.0,
        0.0,
        0.0,
        0.0,
        0.0
      ],
      [
        4.557495288550854,
        7.5129895390350505,
        4.823489735729938,
        5.089484261712853,
        4.557495288550854,
        4.876688670853803,
        2.314423875949738,
        3.5389208893432857,
        1.3658173231136497,
        1.895828488705418,
        -1.270768607492653,
        0.28694776649462306,
        -0.9428283356969704,
        -1.106798472084341,
        0.696873129628867,
        2.1726043719301464,
        0.5329029951981418,
        -1.1887835496359618,
        0.0,
        0.0,
        -1.0431162772070741,
        1.8733627523168443,
        -0.7214622669016448,
        -0.23655449378040902,
        2.2041036217197663,
        3.3204415450163323,
        0.0,
        0.0,
        0.0,
        0.0,
        -3.2211571858411028,
        0.6319073609560164,
        -3.1921309697832445,
        -2.9265925818656893,
        0.0,
        0.0,
        0.0,
        0.0,
        0.0,
        0.0,
        13.124385182335043,
        4.823489735729938,
        0.0,
        0.0,
        0.0,
        0.0,
        0.0
      ],
      [
        12.567769438028336,
        20.717853624856012,
        13.30127691732154,
        14.034784613924545,
        12.567769438028336,
        13.447978539169751,
        6.382265656446162,
        9.758944103092436,
        3.7663839758093136,
        5.227945140737396,
        -3.5042772085972818,
        0.7912884472091556,
        -2.5999476450095593,
        -3.052112428153348,
        1.9217004661931867,
        5.991183555341047,
        1.469535688445052,
        -3.278194845530728,
        0.0,
        0.0,
        -2.876502122113236,
        5.165993523709106,
        -1.9895075813827339,
        -0.6523237324765565,
        3.3204415450163323,
        10.156464489429464,
        0.0,
        0.0,
        0.0,
        0.0,
        -8.882677495498218,
        1.7425505712904272,
        -8.802634671978174,
        -8.07038482309964,
        0.0,
        0.0,
        0.0,
        0.0,
        0.0,
        0.0,
        36.19186341274521,
        13.30127691732154,
        0.0,
        0.0,
        0.0,
        0.0,
        0.0
      ],
      [
        0.0,
        0.0,
        0.0,
        0.0,
        0.0,
        0.0,
        0.0,
        0.0,
        0.0,
        0.0,
        0.0,
        0.0,
        0.0,
        0.0,
        0.0,
        0.0,
        0.0,
        0.0,
        0.0,
        0.0,
        0.0,
        0.0,
        0.0,
        0.0,
        0.0,
        0.0,
        1.0,
        0.0,
        0.0,
        0.0,
        0.0,
        0.0,
        0.0,
        0.0,
        0.0,
        0.0,
        0.0,
        0.0,
        0.0,
        0.0,
        0.0,
        0.0,
        0.0,
        0.0,
        0.0,
        0.0,
        0.0
      ],
      [
        0.0,
        0.0,
        0.0,
        0.0,
        0.0,
        0.0,
        0.0,
        0.0,
        0.0,
        0.0,
        0.0,
        0.0,
        0.0,
        0.0,
        0.0,
        0.0,
        0.0,
        0.0,
        0.0,
        0.0,
        0.0,
        0.0,
        0.0,
        0.0,
        0.0,
        0.0,
        0.0,
        1.0,
        0.0,
        0.0,
        0.0,
        0.0,
        0.0,
        0.0,
        0.0,
        0.0,
        0.0,
        0.0,
        0.0,
        0.0,
        0.0,
        0.0,
        0.0,
        0.0,
        0.0,
        0.0,
        0.0
      ],
      [
        0.0,
        0.0,
        0.0,
        0.0,
        0.0,
        0.0,
        0.0,
        0.0,
        0.0,
        0.0,
        0.0,
        0.0,
        0.0,
        0.0,
        0.0,
        0.0,
        0.0,
        0.0,
        0.0,
        0.0,
        0.0,
        0.0,
        0.0,
        0.0,
        0.0,
        0.0,
        0.0,
        0.0,
        1.0,
        0.0,
        0.0,
        0.0,
        0.0,
        0.0,
        0.0,
        0.0,
        0.0,
        0.0,
        0.0,
        0.0,
        0.0,
        0.0,
        0.0,
        0.0,
        0.0,
        0.0,
        0.0
      ],
      [
        0.0,
        0.0,
        0.0,
        0.0,
        0.0,
        0.0,
        0.0,
        0.0,
        0.0,
        0.0,
        0.0,
        0.0,
        0.0,
        0.0,
        0.0,
        0.0,
        0.0,
        0.0,
        0.0,
        0.0,
        0.0,
        0.0,
        0.0,
        0.0,
        0.0,
        0.0,
        0.0,
        0.0,
        0.0,
        1.0,
        0.0,
        0.0,
        0.0,
        0.0,
        0.0,
        0.0,
        0.0,
        0.0,
        0.0,
        0.0,
        0.0,
        0.0,
        0.0,
        0.0,
        0.0,
        0.0,
        0.0
      ],
      [
        -12.191979870200157,
        -20.098147771480008,
        -12.903534886707344,
        -13.61509011404273,
        -12.191979870200157,
        -13.04584601223603,
        -6.19144842578002,
        -9.467127902254894,
        -3.653755848903107,
        -5.071627563492642,
        3.399494991698248,
        -0.7676279452657913,
        2.5222059990602212,
        2.9608504966881535,
        -1.864239248637598,
        -5.812039766933939,
        -1.4255947562410558,
        3.180172770537915,
        0.0,
        0.0,
        2.7904919737691047,
        -5.011525405674938,
        1.930019413134245,
        0.6328186326649448,
        -3.2211571858411028,
        -8.882677495498218,
        0.0,
        0.0,
        0.0,
        0.0,
        9.617077078823616,
        -1.6904466692806759,
        8.539427611055158,
        7.829072721793025,
        0.0,
        0.0,
        0.0,
        0.0,
        0.0,
        0.0,
        -35.10968850670192,
        -12.903534886707344,
        0.0,
        0.0,
        0.0,
        0.0,
        0.0
      ],
      [
        2.3917497284710407,
        3.942734484572568,
        2.5313383379605465,
        2.6709269888090676,
        2.3917497284710407,
        2.5592560838362592,
        1.214601340389324,
        1.8572045575528424,
        0.7167719810710106,
        0.9949215779348581,
        -0.666892605620992,
        0.15058866149705807,
        -0.49479129539352257,
        -0.5808419507640333,
        0.36571531155684184,
        1.1401712176687469,
        0.2796646572125941,
        -0.623867283360661,
        0.0,
        0.0,
        -0.5474220341262056,
        0.9831310956770857,
        -0.37861967100158217,
        -0.12414257642837859,
        0.6319073609560164,
        1.7425505712904272,
        0.0,
        0.0,
        0.0,
        0.0,
        -1.6904466692806759,
        1.3316217222548312,
        -1.6752138608747742,
        -1.535860685131295,
        0.0,
        0.0,
        0.0,
        0.0,
        0.0,
        0.0,
        6.887608808956189,
        2.5313383379605465,
        0.0,
        0.0,
        0.0,
        0.0,
        0.0
      ],
      [
        -12.082116544246674,
        -19.917041063290007,
        -12.787259657205096,
        -13.492402979091924,
        -12.082116544246674,
        -12.928288400922629,
        -6.135656575112355,
        -9.381818531470248,
        -3.6208314355257922,
        -5.025926546415022,
        3.3688617532684098,
        -0.7607107619988183,
        2.4994781121455283,
        2.934169934004095,
        -1.8474403754128288,
        -5.759666811427612,
        -1.4127485587385138,
        3.151515869743571,
        0.0,
        0.0,
        2.7653465312261662,
        -4.966365976683405,
        1.9126277873148838,
        0.6271162315409292,
        -3.1921309697832445,
        -8.802634671978174,
        0.0,
        0.0,
        0.0,
        0.0,
        8.539427611055158,
        -1.6752138608747742,
        9.46247785152762,
        7.758524051471652,
        0.0,
        0.0,
        0.0,
        0.0,
        0.0,
        0.0,
        -34.79331108534765,
        -12.787259657205096,
        0.0,
        0.0,
        0.0,
        0.0,
        0.0
      ],
      [
        -11.077061995863914,
        -18.260235907825177,
        -11.72354756198403,
        -12.370033319652773,
        -11.077061995863914,
        -11.852844786258009,
        -5.625260114371877,
        -8.601389092525805,
        -3.3196314693755054,
        -4.607843315482215,
        3.088621961145533,
        -0.6974308053186845,
        2.291558263287447,
        2.690090113405713,
        -1.6937604844933483,
        -5.280547171577284,
        -1.2952286391280778,
        2.889356061211197,
        0.0,
        0.0,
        2.5353103369452468,
        -4.553237308799625,
        1.7535252617175705,
        0.5749493766290775,
        -2.9265925818656893,
        -8.07038482309964,
        0.0,
        0.0,
        0.0,
        0.0,
        7.829072721793025,
        -1.535860685131295,
        7.758524051471652,
        8.11312886288949,
        0.0,
        0.0,
        0.0,
        0.0,
        0.0,
        0.0,
        -31.899018894773086,
        -11.72354756198403,
        0.0,
        0.0,
        0.0,
        0.0,
        0.0
      ],
      [
        0.0,
        0.0,
        0.0,
        0.0,
        0.0,
        0.0,
        0.0,
        0.0,
        0.0,
        0.0,
        0.0,
        0.0,
        0.0,
        0.0,
        0.0,
        0.0,
        0.0,
        0.0,
        0.0,
        0.0,
        0.0,
        0.0,
        0.0,
        0.0,
        0.0,
        0.0,
        0.0,
        0.0,
        0.0,
        0.0,
        0.0,
        0.0,
        0.0,
        0.0,
        1.0,
        0.0,
        0.0,
        0.0,
        0.0,
        0.0,
        0.0,
        0.0,
        0.0,
        0.0,
        0.0,
        0.0,
        0.0
      ],
      [
        0.0,
        0.0,
        0.0,
        0.0,
        0.0,
        0.0,
        0.0,
        0.0,
        0.0,
        0.0,
        0.0,
        0.0,
        0.0,
        0.0,
        0.0,
        0.0,
        0.0,
        0.0,
        0.0,
        0.0,
        0.0,
        0.0,
        0.0,
        0.0,
        0.0,
        0.0,
        0.0,
        0.0,
        0.0,
        0.0,
        0.0,
        0.0,
        0.0,
        0.0,
        0.0,
        1.0,
        0.0,
        0.0,
        0.0,
        0.0,
        0.0,
        0.0,
        0.0,
        0.0,
        0.0,
        0.0,
        0.0
      ],
      [
        0.0,
        0.0,
        0.0,
        0.0,
        0.0,
        0.0,
        0.0,
        0.0,
        0.0,
        0.0,
        0.0,
        0.0,
        0.0,
        0.0,
        0.0,
        0.0,
        0.0,
        0.0,
        0.0,
        0.0,
        0.0,
        0.0,
        0.0,
        0.0,
        0.0,
        0.0,
        0.0,
        0.0,
        0.0,
        0.0,
        0.0,
        0.0,
        0.0,
        0.0,
        0.0,
        0.0,
        1.0,
        0.0,
        0.0,
        0.0,
        0.0,
        0.0,
        0.0,
        0.0,
        0.0,
        0.0,
        0.0
      ],
      [
        0.0,
        0.0,
        0.0,
        0.0,
        0.0,
        0.0,
        0.0,
        0.0,
        0.0,
        0.0,
        0.0,
        0.0,
        0.0,
        0.0,
        0.0,
        0.0,
        0.0,
        0.0,
        0.0,
        0.0,
        0.0,
        0.0,
        0.0,
        0.0,
        0.0,
        0.0,
        0.0,
        0.0,
        0.0,
        0.0,
        0.0,
        0.0,
        0.0,
        0.0,
        0.0,
        0.0,
        0.0,
        1.0,
        0.0,
        0.0,
        0.0,
        0.0,
        0.0,
        0.0,
        0.0,
        0.0,
        0.0
      ],
      [
        0.0,
        0.0,
        0.0,
        0.0,
        0.0,
        0.0,
        0.0,
        0.0,
        0.0,
        0.0,
        0.0,
        0.0,
        0.0,
        0.0,
        0.0,
        0.0,
        0.0,
        0.0,
        0.0,
        0.0,
        0.0,
        0.0,
        0.0,
        0.0,
        0.0,
        0.0,
        0.0,
        0.0,
        0.0,
        0.0,
        0.0,
        0.0,
        0.0,
        0.0,
        0.0,
        0.0,
        0.0,
        0.0,
        1.0,
        0.0,
        0.0,
        0.0,
        0.0,
        0.0,
        0.0,
        0.0,
        0.0
      ],
      [
        0.0,
        0.0,
        0.0,
        0.0,
        0.0,
        0.0,
        0.0,
        0.0,
        0.0,
        0.0,
        0.0,
        0.0,
        0.0,
        0.0,
        0.0,
        0.0,
        0.0,
        0.0,
        0.0,
        0.0,
        0.0,
        0.0,
        0.0,
        0.0,
        0.0,
        0.0,
        0.0,
        0.0,
        0.0,
        0.0,
        0.0,
        0.0,
        0.0,
        0.0,
        0.0,
        0.0,
        0.0,
        0.0,
        0.0,
        1.0,
        0.0,
        0.0,
        0.0,
        0.0,
        0.0,
        0.0,
        0.0
      ],
      [
        49.675453305244446,
        81.89922901952237,
        52.57559273418494,
        55.47573302135376,
        49.675453305244446,
        53.15562111774547,
        25.225740457286197,
        38.57386130320663,
        14.8874456204239,
        20.663859229572168,
        -13.85105835454615,
        3.127658517036247,
        -10.276591835017586,
        -12.063825100145795,
        7.59574192123349,
        23.68084146830519,
        5.808508677560988,
        -12.957441834624515,
        0.0,
        0.0,
        -11.369669158864335,
        20.419118341717564,
        -7.863732418454097,
        -2.5783763431914486,
        13.124385182335043,
        36.19186341274521,
        0.0,
        0.0,
        0.0,
        0.0,
        -35.10968850670192,
        6.887608808956189,
        -34.79331108534765,
        -31.899018894773086,
        0.0,
        0.0,
        0.0,
        0.0,
        0.0,
        0.0,
        144.05221223660993,
        52.57559273418494,
        0.0,
        0.0,
        0.0,
        0.0,
        0.0
      ],
      [
        18.257085025310516,
        30.151031675894856,
        19.32754008286168,
        20.39799545210126,
        18.257085025310516,
        19.541631276189182,
        9.266705598657945,
        14.180047342500718,
        5.473689495849776,
        7.593727613019043,
        -5.090787610189451,
        1.1495327518588676,
        -3.7770360245176513,
        -4.433911819472954,
        2.791722326781897,
        8.703604537579752,
        2.1348465403875387,
        -4.762349753964667,
        0.0,
        0.0,
        -4.178594404207654,
        7.504458788905486,
        -2.8900883413256637,
        -0.9476079567805508,
        4.823489735729938,
        13.30127691732154,
        0.0,
        0.0,
        0.0,
        0.0,
        -12.903534886707344,
        2.5313383379605465,
        -12.787259657205096,
        -11.72354756198403,
        0.0,
        0.0,
        0.0,
        0.0,
        0.0,
        0.0,
        52.57559273418494,
        20.32754008286168,
        0.0,
        0.0,
        0.0,
        0.0,
        0.0
      ],
      [
        0.0,
        0.0,
        0.0,
        0.0,
        0.0,
        0.0,
        0.0,
        0.0,
        0.0,
