{
  "A": [
    [
      [
        14.5,
        23.075385808944702,
        14.36178469657898,
        15.223569422960281,
        13.5,
        14.534141659736633,
        6.7737091183662415,
        10.635880470275879,
        4.018565513193607,
        5.5718449130654335,
        -3.3852845430374146,
        0.0,
        -3.1434785053133965,
        -2.9016725048422813,
        1.6926422715187073,
        6.528762683272362,
        0.967224134132266,
        -3.627090573310852,
        0.0,
        0.0,
        -7.821488827466965,
        -0.04094334825640544,
        -9.3946273624897,
        -8.48808804154396,
        0.0,
        0.0,
        0.0,
        0.0,
        0.0,
        0.0,
        -2.062406964600086,
        4.171579271554947,
        -2.2242392897605896,
        -0.44275361113250256,
        3.4597563296556473,
        9.455643117427826,
        0.0,
        0.0,
        0.0,
        0.0,
        39.518675208091736,
        14.36178469657898,
        0.0,
        0.011897864751517773,
        0.0,
        0.0,
        0.0
      ],
      [
        23.075385808944702,
        40.76228739920727,
        24.57720690233927,
        26.07902805428516,
        23.075385808944702,
        24.87757117667458,
        11.552991451152332,
        18.172873625490716,
        6.898161694263516,
        9.526744876090854,
        -5.787218005021377,
        0.0,
        -5.373845292531572,
        -4.9604726436143975,
        2.8936090025106886,
        11.161062674718826,
        1.6534908222251514,
        -6.200590703759818,
        0.0,
        0.0,
        -13.368152109331835,
        -0.06997860888145922,
        -16.056892791077082,
        -14.507474802349027,
        0.0,
        0.0,
        0.0,
        0.0,
        0.0,
        0.0,
        -3.5249347734426766,
        7.12979789586403,
        -3.8015282904903707,
        -0.7567263046630738,
        5.91319541222975,
        16.16098365962756,
        0.0,
        0.0,
        0.0,
        0.0,
        67.54879089519221,
        24.57720690233927,
        0.0,
        0.023443226200903777,
        0.0,
        0.0,
        0.0
      ],
      [
        14.36178469657898,
        24.57720690233927,
        16.281172666756106,
        16.20056066932293,
        14.36178469657898,
        15.46505028749668,
        7.203844515909118,
        11.31420982915358,
        4.277729164042163,
        5.927785900232876,
        -3.601458548027347,
        0.0,
        -3.3442115100450254,
        -3.0869645116843802,
        1.8007292740136736,
        6.9456696697959135,
        1.028988134178162,
        -3.858705577992019,
        0.0,
        0.0,
        -8.320688507655904,
        -0.0435565216332029,
        -9.994231232830726,
        -9.02983283354387,
        0.0,
        0.0,
        0.0,
        0.0,
        0.0,
        0.0,
        -2.1940344633941287,
        4.437818939648442,
        -2.3661952955104684,
        -0.4710111526911571,
        3.6805658403741788,
        10.059123747878548,
        0.0,
        0.0,
        0.0,
        0.0,
        42.04138554315904,
        15.281172666756106,
        0.0,
        0.012936947636546514,
        0.0,
        0.0,
        0.0
      ],
      [
        15.223569422960281,
        26.07902805428516,
        16.20056066932293,
        18.177551950662743,
        15.223569422960281,
        16.395958948163937,
        7.633979927028228,
        11.992539220693999,
        4.5368928186968835,
        6.283726896959847,
        -3.817632560509396,
        0.0,
        -3.544944521733617,
        -3.272256524948292,
        1.908816280254698,
        7.362576670768543,
        1.0907521363646622,
        -4.090320590700453,
        0.0,
        0.0,
        -8.819888205087082,
        -0.046169695100258784,
        -10.593835123881934,
        -9.57157764425552,
        0.0,
        0.0,
        0.0,
        0.0,
        0.0,
        0.0,
        -2.3256619667336693,
        4.704058616936003,
        -2.5081513061625196,
        -0.49926869522563055,
        3.901375358717936,
        10.662604399169293,
        0.0,
        0.0,
        0.0,
        0.0,
        44.564095965466954,
        16.20056066932293,
        0.0,
        0.013976029103239251,
        0.0,
        0.0,
        0.0
      ],
      [
        13.5,
        23.075385808944702,
        14.36178469657898,
        15.223569422960281,
        14.5,
        14.534141659736633,
        6.7737091183662415,
        10.635880470275879,
        4.018565513193607,
        5.5718449130654335,
        -3.3852845430374146,
        0.0,
        -3.1434785053133965,
        -2.9016725048422813,
        1.6926422715187073,
        6.528762683272362,
        0.967224134132266,
        -3.627090573310852,
        0.0,
        0.0,
        -7.821488827466965,
        -0.04094334825640544,
        -9.3946273624897,
        -8.48808804154396,
        0.0,
        0.0,
        0.0,
        0.0,
        0.0,
        0.0,
        -2.062406964600086,
        4.171579271554947,
        -2.2242392897605896,
        -0.44275361113250256,
        3.4597563296556473,
        9.455643117427826,
        0.0,
        0.0,
        0.0,
        0.0,
        39.518675208091736,
        14.36178469657898,
        0.0,
        0.011897864751517773,
        0.0,
        0.0,
        0.0
      ],
      [
        14.534141659736633,
        24.87757117667458,
        15.46505028749668,
        16.395958948163937,
        14.534141659736633,
        16.651232040326526,
        7.289871606006491,
        11.44987572158134,
        4.329561901338855,
        5.998974106982084,
        -3.644693355040877,
        0.0,
        -3.3843581165772108,
        -3.124022918208979,
        1.8223466775204384,
        7.029051078702026,
        1.0413409359060675,
        -3.9050285853734765,
        0.0,
        0.0,
        -8.420528457459254,
        -0.04407915638062134,
        -10.114152023433169,
        -9.138181806882606,
        0.0,
        0.0,
        0.0,
        0.0,
        0.0,
        0.0,
        -2.2203599667807246,
        4.491066880604976,
        -2.394586500572895,
        -0.47666266178169436,
        3.7247277486036188,
        10.179819890601228,
        0.0,
        0.0,
        0.0,
        0.0,
        42.54592767996499,
        15.46505028749668,
        0.0,
        0.01314476364621786,
        0.0,
        0.0,
        0.0
      ],
      [
        6.7737091183662415,
        11.552991451152332,
        7.203844515909118,
        7.633979927028228,
        6.7737091183662415,
        7.289871606006491,
        4.400968359685982,
        5.3342735260232805,
        2.015824936853031,
        2.7963514214433833,
        -1.6985251193140158,
        0.0,
        -1.577201897023758,
        -1.4558786933735934,
        0.8492625596570079,
        3.27572683298716,
        0.4852928806954309,
        -1.819848337911411,
        0.0,
        0.0,
        -3.924561490945861,
        -0.020544002735230403,
        -4.713909791800807,
        -4.259038680928205,
        0.0,
        0.0,
        0.0,
        0.0,
        0.0,
        0.0,
        -1.0348501840621798,
        2.0931657285264205,
        -1.1160524947352335,
        -0.2221596725310884,
        1.73599562801958,
        4.744540814014781,
        0.0,
        0.0,
        0.0,
        0.0,
        19.828741526133697,
        7.203844515909118,
        0.0,
        0.005822146965759473,
        0.0,
        0.0,
        0.0
      ],
      [
        10.635880470275879,
        18.172873625490716,
        11.31420982915358,
        11.992539220693999,
        10.635880470275879,
        11.44987572158134,
        5.3342735260232805,
        9.416495707487343,
        3.142420508539909,
        4.378571209250347,
        -2.667055554483193,
        0.0,
        -2.4765515871370036,
        -2.286047649730003,
        1.3335277772415965,
        5.143606855021478,
        0.7620158564887465,
        -2.8575595166667416,
        0.0,
        0.0,
        -6.16212741215479,
        -0.03225704647449292,
        -7.401518058172207,
        -6.6873048261763355,
        0.0,
        0.0,
        0.0,
        0.0,
        0.0,
        0.0,
        -1.6248596475068882,
        3.286563197320287,
        -1.7523586420796535,
        -0.34882178395875124,
        2.7257561430398587,
        7.449593220452378,
        0.0,
        0.0,
        0.0,
        0.0,
        31.134511544956922,
        11.31420982915358,
        0.0,
        0.008075260581510979,
        0.0,
        0.0,
        0.0
      ],
      [
        4.018565513193607,
        6.898161694263516,
        4.277729164042163,
        4.5368928186968835,
        4.018565513193607,
        4.329561901338855,
        2.015824936853031,
        3.142420508539909,
        2.213146135791866,
        1.6657394505259246,
        -1.007775358513304,
        0.0,
        -0.9357914046714304,
        -0.8638074615578446,
        0.503887679256652,
        1.9435666539613758,
        0.28793581021306347,
        -1.0797593096002704,
        0.0,
        0.0,
        -2.3281406982891206,
        -0.012187177855113722,
        -2.796400376976169,
        -2.526560309250564,
        0.0,
        0.0,
        0.0,
        0.0,
        0.0,
        0.0,
        -0.6138912105421596,
        1.2417024821702245,
        -0.6620618404883818,
        -0.1317889994456299,
        1.0298229382389683,
        2.814544511454407,
        0.0,
        0.0,
        0.0,
        0.0,
        11.763584097654567,
        4.277729164042163,
        0.0,
        0.004589829628934561,
        0.0,
        0.0,
        0.0
      ],
      [
        5.5718449130654335,
        9.526744876090854,
        5.927785900232876,
        6.283726896959847,
        5.5718449130654335,
        5.998974106982084,
        2.7963514214433833,
        4.378571209250347,
        1.6657394505259246,
        3.3030277513676998,
        -1.3972130575099744,
        0.0,
        -1.2974121252727109,
        -1.1976112082336845,
        0.6986065287549872,
        2.694625031798477,
        0.3992037219374791,
        -1.497013986456486,
        0.0,
        0.0,
        -3.228148062165788,
        -0.016898469493105712,
        -3.8774265083859203,
        -3.503272276089239,
        0.0,
        0.0,
        0.0,
        0.0,
        0.0,
        0.0,
        -0.851212889361854,
        1.7217271396903184,
        -0.9180056046691693,
        -0.18273676681747938,
        1.4279379538257675,
        3.902607699354831,
        0.0,
        0.0,
        0.0,
        0.0,
        16.310513291058594,
        5.927785900232876,
        0.0,
        0.005308492681414534,
        0.0,
        0.0,
        0.0
      ],
      [
        -3.3852845430374146,
        -5.787218005021377,
        -3.601458548027347,
        -3.817632560509396,
        -3.3852845430374146,
        -3.644693355040877,
        -1.6985251193140158,
        -2.667055554483193,
        -1.007775358513304,
        -1.3972130575099744,
        1.8489020693548315,
        0.0,
        0.7882662075257925,
        0.7276303550381007,
        -0.42445103467741574,
        -1.6371681853358357,
        -0.24254344311471698,
        0.9095379293130323,
        0.0,
        0.0,
        1.9613282219299548,
        0.010267015169032077,
        2.3558107908819648,
        2.128485636609768,
        0.0,
        0.0,
        0.0,
        0.0,
        0.0,
        0.0,
        0.5171721460370514,
        -1.0460712367975322,
        0.5577534533889067,
        0.1110255343237456,
        -0.8675734888909405,
        -2.371110710542821,
        0.0,
        0.0,
        0.0,
        0.0,
        -9.909774840242136,
        -3.601458548027347,
        0.0,
        -0.0029912280827770754,
        0.0,
        0.0,
        0.0
      ],
      [
        0.0,
        0.0,
        0.0,
        0.0,
        0.0,
        0.0,
        0.0,
        0.0,
        0.0,
        0.0,
        0.0,
        1.0,
        0.0,
        0.0,
        0.0,
        0.0,
        0.0,
        0.0,
        0.0,
        0.0,
        0.0,
        0.0,
        0.0,
        0.0,
        0.0,
        0.0,
        0.0,
        0.0,
        0.0,
        0.0,
        0.0,
        0.0,
        0.0,
        0.0,
        0.0,
        0.0,
        0.0,
        0.0,
        0.0,
        0.0,
        0.0,
        0.0,
        0.0,
        0.0,
        0.0,
        0.0,
        0.0
      ],
      [
        -3.1434785053133965,
        -5.373845292531572,
        -3.3442115100450254,
        -3.544944521733617,
        -3.1434785053133965,
        -3.3843581165772108,
        -1.577201897023758,
        -2.4765515871370036,
        -0.9357914046714304,
        -1.2974121252727109,
        0.7882662075257925,
        0.0,
        1.731961478665418,
        0.6756567584791526,
        -0.39413310376289623,
        -1.5202276011853375,
        -0.22521891154016163,
        0.8445709346489607,
        0.0,
        0.0,
        1.821233349550544,
        0.009533656945895065,
        2.187538592272652,
        1.976450948948549,
        0.0,
        0.0,
        0.0,
        0.0,
        0.0,
        0.0,
        0.4802312786252529,
        -0.9713518630687984,
        0.5179139211789949,
        0.10309513904974385,
        -0.8056039542423834,
        -2.2017456605337618,
        0.0,
        0.0,
        0.0,
        0.0,
        -9.201933783340575,
        -3.3442115100450254,
        0.0,
        -0.002777568883352427,
        0.0,
        0.0,
        0.0
      ],
      [
        -2.9016725048422813,
        -4.9604726436143975,
        -3.0869645116843802,
        -3.272256524948292,
        -2.9016725048422813,
        -3.124022918208979,
        -1.4558786933735934,
        -2.286047649730003,
        -0.8638074615578446,
        -1.1976112082336845,
        0.7276303550381007,
        0.0,
        0.6756567584791526,
        1.6236831699270715,
        -0.36381517751905035,
        -1.4032870350502917,
        -0.20789438263456228,
        0.7796039499934749,
        0.0,
        0.0,
        1.681138498754668,
        0.008800298835741937,
        2.0192664195879773,
        1.8244162847103575,
        0.0,
        0.0,
        0.0,
        0.0,
        0.0,
        0.0,
        0.4432904169047152,
        -0.8966325008516366,
        0.478074395106924,
        0.09516474499753119,
        -0.7436344291411058,
        -2.0323806366177735,
        0.0,
        0.0,
        0.0,
        0.0,
        -8.494092835489784,
        -3.0869645116843802,
        0.0,
        -0.0025639096839277786,
        0.0,
        0.0,
        0.0
      ],
      [
        1.6926422715187073,
        2.8936090025106886,
        1.8007292740136736,
        1.908816280254698,
        1.6926422715187073,
        1.8223466775204384,
        0.8492625596570079,
        1.3335277772415965,
        0.503887679256652,
        0.6986065287549872,
        -0.42445103467741574,
        0.0,
        -0.39413310376289623,
        -0.36381517751905035,
        1.2122255173387066,
        0.8185840926679179,
        0.12127172155735849,
        -0.4547689646565162,
        0.0,
        0.0,
        -0.9806641109649774,
        -0.005133507584516039,
        -1.1779053954409824,
        -1.064242818304884,
        0.0,
        0.0,
        0.0,
        0.0,
        0.0,
        0.0,
        -0.2585860730185257,
        0.5230356183987661,
        -0.27887672669445335,
        -0.0555127671618728,
        0.4337867444454703,
        1.1855553552714104,
        0.0,
        0.0,
        0.0,
        0.0,
        4.954887420121068,
        1.8007292740136736,
        0.0,
        0.0014956140413885377,
        0.0,
        0.0,
        0.0
      ],
      [
        6.528762683272362,
        11.161062674718826,
        6.9456696697959135,
        7.362576670768543,
        6.528762683272362,
        7.029051078702026,
        3.27572683298716,
        5.143606855021478,
        1.9435666539613758,
        2.694625031798477,
        -1.6371681853358357,
        0.0,
        -1.5202276011853375,
        -1.4032870350502917,
        0.8185840926679179,
        4.157395609970519,
        0.4677623284992256,
        -1.7541087658782915,
        0.0,
        0.0,
        -3.7825613599613566,
        -0.019800671007682454,
        -4.543349129092562,
        -4.104936356012108,
        0.0,
        0.0,
        0.0,
        0.0,
        0.0,
        0.0,
        -0.9974033688877841,
        2.017422987052596,
        -1.0756673144168831,
        -0.21412066139992134,
        1.6731773495697095,
        4.572856115363734,
        0.0,
        0.0,
        0.0,
        0.0,
        19.11170755488519,
        6.9456696697959135,
        0.0,
        0.005768796611545501,
        0.0,
        0.0,
        0.0
      ],
      [
        0.967224134132266,
        1.6534908222251514,
        1.028988134178162,
        1.0907521363646622,
        0.967224134132266,
        1.0413409359060675,
        0.4852928806954309,
        0.7620158564887465,
        0.28793581021306347,
        0.3992037219374791,
        -0.24254344311471698,
        0.0,
        -0.22521891154016163,
        -0.20789438263456228,
        0.12127172155735849,
        0.4677623284992256,
        1.0692981250978113,
        -0.2598679741547476,
        0.0,
        0.0,
        -0.5603794798022441,
        -0.0029334328416905924,
        -0.6730887827677906,
        -0.6081387401014654,
        0.0,
        0.0,
        0.0,
        0.0,
        0.0,
        0.0,
        -0.14776346708527185,
        0.2988774897329987,
        -0.15935812607669703,
        -0.03172158054601837,
        0.24787813429651856,
        0.6774601882904357,
        0.0,
        0.0,
        0.0,
        0.0,
        2.831364178533391,
        1.028988134178162,
        0.0,
        0.0008546365317605928,
        0.0,
        0.0,
        0.0
      ],
      [
        -3.627090573310852,
        -6.200590703759818,
        -3.858705577992019,
        -4.090320590700453,
        -3.627090573310852,
        -3.9050285853734765,
        -1.819848337911411,
        -2.8575595166667416,
        -1.0797593096002704,
        -1.497013986456486,
        0.9095379293130323,
        0.0,
        0.8445709346489607,
        0.7796039499934749,
        -0.4547689646565162,
        -1.7541087658782915,
        -0.2598679741547476,
        1.974504921972637,
        0.0,
        0.0,
        2.1014230899959734,
        0.011000373369589663,
        2.5240829843103314,
        2.28052031958998,
        0.0,
        0.0,
        0.0,
        0.0,
        0.0,
        0.0,
        0.5541130123116098,
        -1.120790608225999,
        0.597592984372342,
        0.1189559293536068,
        -0.9295430216317397,
        -2.5404757553379067,
        0.0,
        0.0,
        0.0,
        0.0,
        -10.617615875333541,
        -3.858705577992019,
        0.0,
        -0.0032048869276177228,
        0.0,
        0.0,
        0.0
      ],
      [
        0.0,
        0.0,
        0.0,
        0.0,
        0.0,
        0.0,
        0.0,
        0.0,
        0.0,
        0.0,
        0.0,
        0.0,
        0.0,
        0.0,
        0.0,
        0.0,
        0.0,
        0.0,
        1.0,
        0.0,
        0.0,
        0.0,
        0.0,
        0.0,
        0.0,
        0.0,
        0.0,
        0.0,
        0.0,
        0.0,
        0.0,
        0.0,
        0.0,
        0.0,
        0.0,
        0.0,
        0.0,
        0.0,
        0.0,
        0.0,
        0.0,
        0.0,
        0.0,
        0.0,
        0.0,
        0.0,
        0.0
      ],
      [
        0.0,
        0.0,
        0.0,
        0.0,
        0.0,
        0.0,
        0.0,
        0.0,
        0.0,
        0.0,
        0.0,
        0.0,
        0.0,
        0.0,
        0.0,
        0.0,
        0.0,
        0.0,
        0.0,
        1.0,
        0.0,
        0.0,
        0.0,
        0.0,
        0.0,
        0.0,
        0.0,
        0.0,
        0.0,
        0.0,
        0.0,
        0.0,
        0.0,
        0.0,
        0.0,
        0.0,
        0.0,
        0.0,
        0.0,
        0.0,
        0.0,
        0.0,
        0.0,
        0.0,
        0.0,
        0.0,
        0.0
      ],
      [
        -7.821488827466965,
        -13.368152109331835,
        -8.320688507655904,
        -8.819888205087082,
        -7.821488827466965,
        -8.420528457459254,
        -3.924561490945861,
        -6.16212741215479,
        -2.3281406982891206,
        -3.228148062165788,
        1.9613282219299548,
        0.0,
        1.821233349550544,
        1.681138498754668,
        -0.9806641109649774,
        -3.7825613599613566,
        -0.5603794798022441,
        2.1014230899959734,
        0.0,
        0.0,
        5.531535682070391,
        0.023721346109353905,
        5.4429648947971225,
        4.917743243160726,
        0.0,
        0.0,
        0.0,
        0.0,
        0.0,
        0.0,
        1.1948967798887404,
        -2.4168879974623825,
        1.2886575785660732,
        0.25651817187567083,
        -2.0044791199994125,
        -5.478316213358991,
        0.0,
        0.0,
        0.0,
        0.0,
        -22.895916786398907,
        -8.320688507655904,
        0.0,
        -0.006883314406125607,
        0.0,
        0.0,
        0.0
      ],
      [
        -0.04094334825640544,
        -0.06997860888145922,
        -0.0435565216332029,
        -0.046169695100258784,
        -0.04094334825640544,
        -0.04407915638062134,
        -0.020544002735230403,
        -0.03225704647449292,
        -0.012187177855113722,
        -0.016898469493105712,
        0.010267015169032077,
        0.0,
        0.009533656945895065,
        0.008800298835741937,
        -0.005133507584516039,
        -0.019800671007682454,
        -0.0029334328416905924,
        0.011000373369589663,
        0.0,
        0.0,
        0.023721346109353905,
        1.000124174739143,
        0.028492427995525628,
        0.025743036739071662,
        0.0,
        0.0,
        0.0,
        0.0,
        0.0,
        0.0,
        0.006254956833470174,
        -0.012651745615104097,
        0.006745768892109258,
        0.0013428022563023423,
        -0.010492898282273426,
        -0.02867748244986561,
        0.0,
        0.0,
        0.0,
        0.0,
        -0.11985384308716117,
        -0.0435565216332029,
        0.0,
        -3.6032263838629624e-05,
        0.0,
        0.0,
        0.0
      ],
      [
        -9.3946273624897,
        -16.056892791077082,
        -9.994231232830726,
        -10.593835123881934,
        -9.3946273624897,
        -10.114152023433169,
        -4.713909791800807,
        -7.401518058172207,
        -2.796400376976169,
        -3.8774265083859203,
        2.3558107908819648,
        0.0,
        2.187538592272652,
        2.0192664195879773,
        -1.1779053954409824,
        -4.543349129092562,
        -0.6730887827677906,
        2.5240829843103314,
        0.0,
        0.0,
        5.4429648947971225,
        0.028492427995525628,
        7.537710154906755,
        5.90685050546046,
        0.0,
        0.0,
        0.0,
        0.0,
        0.0,
        0.0,
        1.435226749195723,
        -2.902997448943734,
        1.5478456871262383,
        0.3081117533558247,
        -2.407640642813795,
        -6.580171695414189,
        0.0,
        0.0,
        0.0,
        0.0,
        -27.500979810317183,
        -9.994231232830726,
        0.0,
        -0.008267757853168967,
        0.0,
        0.0,
        0.0
      ],
      [
        -8.48808804154396,
        -14.507474802349027,
        -9.02983283354387,
        -9.57157764425552,
        -8.48808804154396,
        -9.138181806882606,
        -4.259038680928205,
        -6.6873048261763355,
        -2.526560309250564,
        -3.503272276089239,
        2.128485636609768,
        0.0,
        1.976450948948549,
        1.8244162847103575,
        -1.064242818304884,
        -4.104936356012108,
        -0.6081387401014654,
        2.28052031958998,
        0.0,
        0.0,
        4.917743243160726,
        0.025743036739071662,
        5.90685050546046,
        6.336865977099315,
        0.0,
        0.0,
        0.0,
        0.0,
        0.0,
        0.0,
        1.2967338178137722,
        -2.622871241204197,
        1.3984855343440048,
        0.27838035381258674,
        -2.1753141407300927,
        -5.945214698127781,
        0.0,
        0.0,
        0.0,
        0.0,
        -24.847258848256537,
        -9.02983283354387,
        0.0,
        -0.007469955906662662,
        0.0,
        0.0,
        0.0
      ],
      [
        0.0,
        0.0,
        0.0,
        0.0,
        0.0,
        0.0,
        0.0,
        0.0,
        0.0,
        0.0,
        0.0,
        0.0,
        0.0,
        0.0,
        0.0,
        0.0,
        0.0,
        0.0,
        0.0,
        0.0,
        0.0,
        0.0,
        0.0,
        0.0,
        1.0,
        0.0,
        0.0,
        0.0,
        0.0,
        0.0,
        0.0,
        0.0,
        0.0,
        0.0,
        0.0,
        0.0,
        0.0,
        0.0,
        0.0,
        0.0,
        0.0,
        0.0,
        0.0,
        0.0,
        0.0,
        0.0,
        0.0
      ],
      [
        0.0,
        0.0,
        0.0,
        0.0,
        0.0,
        0.0,
        0.0,
        0.0,
        0.0,
        0.0,
        0.0,
        0.0,
        0.0,
        0.0,
        0.0,
        0.0,
        0.0,
        0.0,
        0.0,
        0.0,
        0.0,
        0.0,
        0.0,
        0.0,
        0.0,
        1.0,
        0.0,
        0.0,
        0.0,
        0.0,
        0.0,
        0.0,
        0.0,
        0.0,
        0.0,
        0.0,
        0.0,
        0.0,
        0.0,
        0.0,
        0.0,
        0.0,
        0.0,
        0.0,
        0.0,
        0.0,
        0.0
      ],
      [
        0.0,
        0.0,
        0.0,
        0.0,
        0.0,
        0.0,
        0.0,
        0.0,
        0.0,
        0.0,
        0.0,
        0.0,
        0.0,
        0.0,
        0.0,
        0.0,
        0.0,
        0.0,
        0.0,
        0.0,
        0.0,
        0.0,
        0.0,
        0.0,
        0.0,
        0.0,
        1.0,
        0.0,
        0.0,
        0.0,
        0.0,
        0.0,
        0.0,
        0.0,
        0.0,
        0.0,
        0.0,
        0.0,
        0.0,
        0.0,
        0.0,
        0.0,
        0.0,
        0.0,
        0.0,
        0.0,
        0.0
      ],
      [
        0.0,
        0.0,
        0.0,
        0.0,
        0.0,
        0.0,
        0.0,
        0.0,
        0.0,
        0.0,
        0.0,
        0.0,
        0.0,
        0.0,
        0.0,
        0.0,
        0.0,
        0.0,
        0.0,
        0.0,
        0.0,
        0.0,
        0.0,
        0.0,
        0.0,
        0.0,
        0.0,
        1.0,
        0.0,
        0.0,
        0.0,
        0.0,
        0.0,
        0.0,
        0.0,
        0.0,
        0.0,
        0.0,
        0.0,
        0.0,
        0.0,
        0.0,
        0.0,
        0.0,
        0.0,
        0.0,
        0.0
      ],
      [
        0.0,
        0.0,
        0.0,
        0.0,
        0.0,
        0.0,
        0.0,
        0.0,
        0.0,
        0.0,
        0.0,
        0.0,
        0.0,
        0.0,
        0.0,
        0.0,
        0.0,
        0.0,
        0.0,
        0.0,
        0.0,
        0.0,
        0.0,
        0.0,
        0.0,
        0.0,
        0.0,
        0.0,
        1.0,
        0.0,
        0.0,
        0.0,
        0.0,
        0.0,
        0.0,
        0.0,
        0.0,
        0.0,
        0.0,
        0.0,
        0.0,
        0.0,
        0.0,
        0.0,
        0.0,
        0.0,
        0.0
      ],
      [
        0.0,
        0.0,
        0.0,
        0.0,
        0.0,
        0.0,
        0.0,
        0.0,
        0.0,
        0.0,
        0.0,
        0.0,
        0.0,
        0.0,
        0.0,
        0.0,
        0.0,
        0.0,
        0.0,
        0.0,
        0.0,
        0.0,
        0.0,
        0.0,
        0.0,
        0.0,
        0.0,
        0.0,
        0.0,
        1.0,
        0.0,
        0.0,
        0.0,
        0.0,
        0.0,
        0.0,
        0.0,
        0.0,
        0.0,
        0.0,
        0.0,
        0.0,
        0.0,
        0.0,
        0.0,
        0.0,
        0.0
      ],
      [
        -2.062406964600086,
        -3.5249347734426766,
        -2.1940344633941287,
        -2.3256619667336693,
        -2.062406964600086,
        -2.2203599667807246,
        -1.0348501840621798,
        -1.6248596475068882,
        -0.6138912105421596,
        -0.851212889361854,
        0.5171721460370514,
        0.0,
        0.4802312786252529,
        0.4432904169047152,
        -0.2585860730185257,
        -0.9974033688877841,
        -0.14776346708527185,
        0.5541130123116098,
        0.0,
        0.0,
        1.1948967798887404,
        0.006254956833470174,
        1.435226749195723,
        1.2967338178137722,
        0.0,
        0.0,
        0.0,
        0.0,
        0.0,
        0.0,
        1.3150760449217564,
        -0.6372964795587239,
        0.3397993366007991,
        0.06763992706766545,
        -0.5285505525556057,
        -1.444548378057163,
        0.0,
        0.0,
        0.0,
        0.0,
        -6.037303035624975,
        -2.1940344633941287,
        0.0,
        -0.001814612701261098,
        0.0,
        0.0,
        0.0
      ],
      [
        4.171579271554947,
        7.12979789586403,
        4.437818939648442,
        4.704058616936003,
        4.171579271554947,
        4.491066880604976,
        2.0931657285264205,
        3.286563197320287,
        1.2417024821702245,
        1.7217271396903184,
        -1.0460712367975322,
        0.0,
        -0.9713518630687984,
        -0.8966325008516366,
        0.5230356183987661,
        2.017422987052596,
        0.2988774897329987,
        -1.120790608225999,
        0.0,
        0.0,
        -2.4168879974623825,
        -0.012651745615104097,
        -2.902997448943734,
        -2.622871241204197,
        0.0,
        0.0,
        0.0,
        0.0,
        0.0,
        0.0,
        -0.6372964795587239,
        2.289043738500655,
        -0.6873036667254574,
        -0.13681359815385713,
        1.0690860566570632,
        2.9218520757955644,
        0.0,
        0.0,
        0.0,
        0.0,
        12.21150269165836,
        4.437818939648442,
        0.0,
        0.003670372039172032,
        0.0,
        0.0,
        0.0
      ],
      [
        -2.2242392897605896,
        -3.8015282904903707,
        -2.3661952955104684,
        -2.5081513061625196,
        -2.2242392897605896,
        -2.394586500572895,
        -1.1160524947352335,
        -1.7523586420796535,
        -0.6620618404883818,
        -0.9180056046691693,
        0.5577534533889067,
        0.0,
        0.5179139211789949,
        0.478074395106924,
        -0.27887672669445335,
        -1.0756673144168831,
        -0.15935812607669703,
        0.597592984372342,
        0.0,
        0.0,
        1.2886575785660732,
        0.006745768892109258,
        1.5478456871262383,
        1.3984855343440048,
        0.0,
        0.0,
        0.0,
        0.0,
        0.0,
        0.0,
        0.3397993366007991,
        -0.6873036667254574,
        1.3664626080444027,
        0.07294747638154057,
        -0.5700246972535807,
        -1.5578987627367156,
        0.0,
        0.0,
        0.0,
        0.0,
        -6.511036302009288,
        -2.3661952955104684,
        0.0,
        -0.0019570012256427127,
        0.0,
        0.0,
        0.0
      ],
      [
        -0.44275361113250256,
        -0.7567263046630738,
        -0.4710111526911571,
        -0.49926869522563055,
        -0.44275361113250256,
        -0.47666266178169436,
        -0.2221596725310884,
        -0.34882178395875124,
        -0.1317889994456299,
        -0.18273676681747938,
        0.1110255343237456,
        0.0,
        0.10309513904974385,
        0.09516474499753119,
        -0.0555127671618728,
        -0.21412066139992134,
        -0.03172158054601837,
        0.1189559293536068,
        0.0,
        0.0,
        0.25651817187567083,
        0.0013428022563023423,
        0.3081117533558247,
        0.27838035381258674,
        0.0,
        0.0,
        0.0,
        0.0,
        0.0,
        0.0,
        0.06763992706766545,
        -0.13681359815385713,
        0.07294747638154057,
        1.0145208111103947,
        -0.11346822902805398,
        -0.3101129029398755,
        0.0,
        0.0,
        0.0,
        0.0,
        -1.296076752263342,
        -0.4710111526911571,
        0.0,
        -0.00038955764050248656,
        0.0,
        0.0,
        0.0
      ],
      [
        3.4597563296556473,
        5.91319541222975,
        3.6805658403741788,
        3.901375358717936,
        3.4597563296556473,
        3.7247277486036188,
        1.73599562801958,
        2.7257561430398587,
        1.0298229382389683,
        1.4279379538257675,
        -0.8675734888909405,
        0.0,
        -0.8056039542423834,
        -0.7436344291411058,
        0.4337867444454703,
        1.6731773495697095,
        0.24787813429651856,
        -0.9295430216317397,
        0.0,
        0.0,
        -2.0044791199994125,
        -0.010492898282273426,
        -2.407640642813795,
        -2.1753141407300927,
        0.0,
        0.0,
        0.0,
        0.0,
        0.0,
        0.0,
        -0.5285505525556057,
        1.0690860566570632,
        -0.5700246972535807,
        -0.11346822902805398,
        1.8866611445380137,
        2.4232779854940105,
        0.0,
        0.0,
        0.0,
        0.0,
        10.127776791911192,
        3.6805658403741788,
        0.0,
        0.0030440731547895505,
        0.0,
        0.0,
        0.0
      ],
      [
        9.455643117427826,
        16.16098365962756,
        10.059123747878548,
        10.662604399169293,
        9.455643117427826,
        10.179819890601228,
        4.744540814014781,
        7.449593220452378,
        2.814544511454407,
        3.902607699354831,
        -2.371110710542821,
        0.0,
        -2.2017456605337618,
        -2.0323806366177735,
        1.1855553552714104,
        4.572856115363734,
        0.6774601882904357,
        -2.5404757553379067,
        0.0,
        0.0,
        -5.478316213358991,
        -0.02867748244986561,
        -6.580171695414189,
        -5.945214698127781,
        0.0,
        0.0,
        0.0,
        0.0,
        0.0,
        0.0,
        -1.444548378057163,
        2.9218520757955644,
        -1.5578987627367156,
        -0.3101129029398755,
        2.4232779854940105,
        7.622909136319052,
        0.0,
        0.0,
        0.0,
        0.0,
        27.67959179564876,
        10.059123747878548,
        0.0,
        0.008319566121562372,
        0.0,
        0.0,
        0.0
      ],
      [
        0.0,
        0.0,
        0.0,
        0.0,
        0.0,
        0.0,
        0.0,
        0.0,
        0.0,
        0.0,
        0.0,
        0.0,
        0.0,
        0.0,
        0.0,
        0.0,
        0.0,
        0.0,
        0.0,
        0.0,
        0.0,
        0.0,
        0.0,
        0.0,
        0.0,
        0.0,
        0.0,
        0.0,
        0.0,
        0.0,
        0.0,
        0.0,
        0.0,
        0.0,
        0.0,
        0.0,
        1.0,
        0.0,
        0.0,
        0.0,
        0.0,
        0.0,
        0.0,
        0.0,
        0.0,
        0.0,
        0.0
      ],
      [
        0.0,
        0.0,
        0.0,
        0.0,
        0.0,
        0.0,
        0.0,
        0.0,
        0.0,
        0.0,
        0.0,
        0.0,
        0.0,
        0.0,
        0.0,
        0.0,
        0.0,
        0.0,
        0.0,
        0.0,
        0.0,
        0.0,
        0.0,
        0.0,
        0.0,
        0.0,
        0.0,
        0.0,
        0.0,
        0.0,
        0.0,
        0.0,
        0.0,
        0.0,
        0.0,
        0.0,
        0.0,
        1.0,
        0.0,
        0.0,
        0.0,
        0.0,
        0.0,
        0.0,
        0.0,
        0.0,
        0.0
      ],
      [
        0.0,
        0.0,
        0.0,
        0.0,
        0.0,
        0.0,
        0.0,
        0.0,
        0.0,
        0.0,
        0.0,
        0.0,
        0.0,
        0.0,
        0.0,
        0.0,
        0.0,
        0.0,
        0.0,
        0.0,
        0.0,
        0.0,
        0.0,
        0.0,
        0.0,
        0.0,
        0.0,
        0.0,
        0.0,
        0.0,
        0.0,
        0.0,
        0.0,
        0.0,
        0.0,
        0.0,
        0.0,
        0.0,
        1.0,
        0.0,
        0.0,
        0.0,
        0.0,
        0.0,
        0.0,
        0.0,
        0.0
      ],
      [
        0.0,
        0.0,
        0.0,
        0.0,
        0.0,
        0.0,
        0.0,
        0.0,
        0.0,
        0.0,
        0.0,
        0.0,
        0.0,
        0.0,
        0.0,
        0.0,
        0.0,
        0.0,
        0.0,
        0.0,
        0.0,
        0.0,
        0.0,
        0.0,
        0.0,
        0.0,
        0.0,
        0.0,
        0.0,
        0.0,
        0.0,
        0.0,
        0.0,
        0.0,
        0.0,
        0.0,
        0.0,
        0.0,
        0.0,
        1.0,
        0.0,
        0.0,
        0.0,
        0.0,
        0.0,
        0.0,
        0.0
      ],
      [
        39.518675208091736,
        67.54879089519221,
        42.04138554315904,
        44.564095965466954,
        39.518675208091736,
        42.54592767996499,
        19.828741526133697,
        31.134511544956922,
        11.763584097654567,
        16.310513291058594,
        -9.909774840242136,
        0.0,
        -9.201933783340575,
        -8.494092835489784,
        4.954887420121068,
        19.11170755488519,
        2.831364178533391,
        -10.617615875333541,
        0.0,
        0.0,
        -22.895916786398907,
        -0.11985384308716117,
        -27.500979810317183,
        -24.847258848256537,
        0.0,
        0.0,
        0.0,
        0.0,
        0.0,
        0.0,
        -6.037303035624975,
        12.21150269165836,
        -6.511036302009288,
        -1.296076752263342,
        10.127776791911192,
        27.67959179564876,
        0.0,
        0.0,
        0.0,
        0.0,
        116.68338445945514,
        42.04138554315904,
        0.0,
        0.03482872983592844,
        0.0,
        0.0,
        0.0
      ],
      [
        14.36178469657898,
        24.57720690233927,
        15.281172666756106,
        16.20056066932293,
        14.36178469657898,
        15.46505028749668,
        7.203844515909118,
        11.31420982915358,
        4.277729164042163,
        5.927785900232876,
        -3.601458548027347,
        0.0,
        -3.3442115100450254,
        -3.0869645116843802,
        1.8007292740136736,
        6.9456696697959135,
        1.028988134178162,
        -3.858705577992019,
        0.0,
        0.0,
        -8.320688507655904,
        -0.0435565216332029,
        -9.994231232830726,
        -9.02983283354387,
        0.0,
        0.0,
        0.0,
        0.0,
        0.0,
        0.0,
        -2.1940344633941287,
        4.437818939648442,
        -2.3661952955104684,
        -0.4710111526911571,
        3.6805658403741788,
        10.059123747878548,
        0.0,
        0.0,
        0.0,
        0.0,
        42.04138554315904,
        16.281172666756106,
        0.0,
        0.012936947636546514,
        0.0,
        0.0,
        0.0
      ],
      [
        0.0,
        0.0,
        0.0,
        0.0,
        0.0,
        0.0,
        0.0,
        0.0,
        0.0,
        0.0,
        0.0,
        0.0,
        0.0,
        0.0,
        0.0,
        0.0,
        0.0,
        0.0,
        0.0,
        0.0,
        0.0,
        0.0,
        0.0,
        0.0,
        0.0,
        0.0,
        0.0,
        0.0,
