{
  "A": [
    [
      [
        23.25,
        34.95252740383148,
        23.393227458000183,
        24.53645494580269,
        22.25,
        23.62187287211418,
        11.480880945920944,
        16.915618181228638,
        6.743873134255409,
        9.35962775349617,
        -16.65765641629696,
        5.679843805730343,
        -8.402319230139256,
        3.573681604117155,
        0.0,
        0.0,
        0.0,
        0.0,
        0.0,
        0.0,
        -1.5771754831075668,
        1.632348146289587,
        1.313439172692597,
        -2.593883952125907,
        1.1725584715604782,
        -0.37236846750602126,
        0.0,
        0.0,
        0.0,
        0.0,
        -1.057397103868425,
        -0.3731989918742329,
        -0.808597800321877,
        -0.9951972775161266,
        0.0,
        1.7415952552109957,
        0.3109991441015154,
        -1.1817967528477311,
        0.0,
        0.0,
        23.93221202492714,
        23.393227458000183,
        0.0,
        0.011897864751517773,
        0.0,
        0.0,
        0.0
      ],
      [
        34.95252740383148,
        56.87514680762119,
        36.8355631251832,
        38.7185989303898,
        34.95252740383148,
        37.21217019573611,
        17.94242561423843,
        26.702385485860606,
        10.593667217184963,
        14.66657650771238,
        -26.189999348660802,
        8.930134101090154,
        -13.21054591936346,
        5.618720696165055,
        0.0,
        0.0,
        0.0,
        0.0,
        0.0,
        0.0,
        -2.466941731117534,
        2.553240147730541,
        2.054418129205853,
        -4.057228023409959,
        1.8340593390441458,
        -0.5824407758594703,
        0.0,
        0.0,
        0.0,
        0.0,
        -1.6520561803823113,
        -0.5830786738856168,
        -1.2633371026840567,
        -1.554876410508424,
        0.0,
        2.7210337488552554,
        0.4858988703801266,
        -1.8464157151099738,
        0.0,
        0.0,
        37.595114455531295,
        36.8355631251832,
        0.0,
        0.023385498507196845,
        0.0,
        0.0,
        0.0
      ],
      [
        23.393227458000183,
        36.8355631251832,
        25.60303765820401,
        25.81284789307482,
        23.393227458000183,
        24.844999621097873,
        12.062419963365889,
        17.796427225482688,
        7.090354602388938,
        9.837253139882916,
        -17.51556727368076,
        5.9723699300865185,
        -8.835059628876158,
        3.757735121000766,
        0.0,
        0.0,
        0.0,
        0.0,
        0.0,
        0.0,
        -1.6572544449698763,
        1.715228425944643,
        1.380127278396888,
        -2.7255849177872613,
        1.2320935492930696,
        -0.39127497514956,
        0.0,
        0.0,
        0.0,
        0.0,
        -1.1109164204713928,
        -0.3920881631552755,
        -0.8495243373178456,
        -1.0455683992188147,
        0.0,
        1.829744719172397,
        0.32674011938327213,
        -1.2416124591347235,
        0.0,
        0.0,
        25.161873234705965,
        24.60303765820401,
        0.0,
        0.01293175227176313,
        0.0,
        0.0,
        0.0
      ],
      [
        24.53645494580269,
        38.7185989303898,
        25.81284789307482,
        28.089240879878783,
        24.53645494580269,
        26.068126405721575,
        12.64395899145744,
        18.677236309944593,
        7.436836071910473,
        10.31487853363184,
        -18.37347815425457,
        6.264896062349909,
        -9.267800039310377,
        3.9417886428594917,
        0.0,
        0.0,
        0.0,
        0.0,
        0.0,
        0.0,
        -1.7373334085302479,
        1.7981087073571622,
        1.4468153855152894,
        -2.8572858862413137,
        1.291628628288092,
        -0.4101814831940081,
        0.0,
        0.0,
        0.0,
        0.0,
        -1.164435738137411,
        -0.41097733481151244,
        -0.8904508751267354,
        -1.0959395219220216,
        0.0,
        1.9178941848847046,
        0.34248109497769064,
        -1.3014281666098313,
        0.0,
        0.0,
        26.39153447654032,
        25.81284789307482,
        0.0,
        0.013965638373672484,
        0.0,
        0.0,
        0.0
      ],
      [
        22.25,
        34.95252740383148,
        23.393227458000183,
        24.53645494580269,
        23.25,
        23.62187287211418,
        11.480880945920944,
        16.915618181228638,
        6.743873134255409,
        9.35962775349617,
        -16.65765641629696,
        5.679843805730343,
        -8.402319230139256,
        3.573681604117155,
        0.0,
        0.0,
        0.0,
        0.0,
        0.0,
        0.0,
        -1.5771754831075668,
        1.632348146289587,
        1.313439172692597,
        -2.593883952125907,
        1.1725584715604782,
        -0.37236846750602126,
        0.0,
        0.0,
        0.0,
        0.0,
        -1.057397103868425,
        -0.3731989918742329,
        -0.808597800321877,
        -0.9951972775161266,
        0.0,
        1.7415952552109957,
        0.3109991441015154,
        -1.1817967528477311,
        0.0,
        0.0,
        23.93221202492714,
        23.393227458000183,
        0.0,
        0.011897864751517773,
        0.0,
        0.0,
        0.0
      ],
      [
        23.62187287211418,
        37.21217019573611,
        24.844999621097873,
        26.068126405721575,
        23.62187287211418,
        26.089624893815607,
        12.178727721878017,
        17.972588986553227,
        7.159650869616335,
        9.932778181344634,
        -17.687149388265475,
        6.0308751355589925,
        -8.921607679926518,
        3.7945458121720477,
        0.0,
        0.0,
        0.0,
        0.0,
        0.0,
        0.0,
        -1.673270231320578,
        1.7318044756432414,
        1.3934648945229486,
        -2.7519251010159116,
        1.2440005603626818,
        -0.3950562752565403,
        0.0,
        0.0,
        0.0,
        0.0,
        -1.1216202796611363,
        -0.3958659959535369,
        -0.857709641558154,
        -1.0556426196714939,
        0.0,
        1.8473746051609239,
        0.3298883132246675,
        -1.2535755957752894,
        0.0,
        0.0,
        25.407805393317357,
        24.844999621097873,
        0.0,
        0.013138528641143399,
        0.0,
        0.0,
        0.0
      ],
      [
        11.480880945920944,
        17.94242561423843,
        12.062419963365889,
        12.64395899145744,
        11.480880945920944,
        12.178727721878017,
        6.933348712990579,
        8.711866273086612,
        3.4823101731916646,
        4.8342367409044265,
        -8.59309953095602,
        2.9300318076154124,
        -4.334461201888081,
        1.8435367467877444,
        0.0,
        0.0,
        0.0,
        0.0,
        0.0,
        0.0,
        -0.814837189198616,
        0.8433417773757317,
        0.6785795843286386,
        -1.34011283544731,
        0.6057945102077718,
        -0.19238168399132521,
        0.0,
        0.0,
        0.0,
        0.0,
        -0.5464778757566192,
        -0.19287455162837097,
        -0.41789485389907405,
        -0.5143321200167077,
        0.0,
        0.9000812201316823,
        0.16072878484901504,
        -0.6107693851939648,
        0.0,
        0.0,
        12.348893349695555,
        12.062419963365889,
        0.0,
        0.005809690075218588,
        0.0,
        0.0,
        0.0
      ],
      [
        16.915618181228638,
        26.702385485860606,
        17.796427225482688,
        18.677236309944593,
        16.915618181228638,
        17.972588986553227,
        8.711866273086612,
        13.924581020884517,
        5.098133694953505,
        7.096655382992295,
        -12.667082545035623,
        4.319158021467541,
        -6.389426494482459,
        2.717556343694855,
        0.0,
        0.0,
        0.0,
        0.0,
        0.0,
        0.0,
        -1.1976075555513728,
        1.2395021951882623,
        0.9973428409796802,
        -1.9696318208544128,
        0.890366924665829,
        -0.2827531209901397,
        0.0,
        0.0,
        0.0,
        0.0,
        -0.8026601787574293,
        -0.28329183853710677,
        -0.6137989717917197,
        -0.7554448767811015,
        0.0,
        1.3220285493746549,
        0.2360765201160264,
        -0.8970907804499431,
        0.0,
        0.0,
        18.19452408296072,
        17.796427225482688,
        0.0,
        0.008307173410725677,
        0.0,
        0.0,
        0.0
      ],
      [
        6.743873134255409,
        10.593667217184963,
        7.090354602388938,
        7.436836071910473,
        6.743873134255409,
        7.159650869616335,
        3.4823101731916646,
        5.098133694953505,
        3.0617574790198416,
        2.8455449265419595,
        -5.0488247578163925,
        1.7215228429228704,
        -2.546687018150966,
        1.0831591016510402,
        0.0,
        0.0,
        0.0,
        0.0,
        0.0,
        0.0,
        -0.47804911821219415,
        0.4947722053164303,
        0.39810943355887507,
        -0.7862181157472967,
        0.35540784741177833,
        -0.11286658930587053,
        0.0,
        0.0,
        0.0,
        0.0,
        -0.32050821832625787,
        -0.11312055185233941,
        -0.24509452435204737,
        -0.30165479464271705,
        0.0,
        0.5278958964454155,
        0.09426712177479352,
        -0.35821506428212635,
        0.0,
        0.0,
        7.253743897447658,
        7.090354602388938,
        0.0,
        0.004440266097291701,
        0.0,
        0.0,
        0.0
      ],
      [
        9.35962775349617,
        14.66657650771238,
        9.837253139882916,
        10.31487853363184,
        9.35962775349617,
        9.932778181344634,
        4.8342367409044265,
        7.096655382992295,
        2.8455449265419595,
        4.942818463368761,
        -7.006306009801387,
        2.388974943210873,
        -3.5340637513133575,
        1.5031110184639025,
        0.0,
        0.0,
        0.0,
        0.0,
        0.0,
        0.0,
        -0.6638571043757143,
        0.6870801158607902,
        0.5528464874530146,
        -1.091805134049336,
        0.49354766167030145,
        -0.15673554098978973,
        0.0,
        0.0,
        0.0,
        0.0,
        -0.4451479356608867,
        -0.15711104200041687,
        -0.3404072511854107,
        -0.41896276431110924,
        0.0,
        0.7331848457291572,
        0.1309258616880028,
        -0.49751827662369386,
        0.0,
        0.0,
        10.067262735778106,
        9.837253139882916,
        0.0,
        0.00523859991979958,
        0.0,
        0.0,
        0.0
      ],
      [
        -16.65765641629696,
        -26.189999348660802,
        -17.51556727368076,
        -18.37347815425457,
        -16.65765641629696,
        -17.687149388265475,
        -8.59309953095602,
        -12.667082545035623,
        -5.0488247578163925,
        -7.006306009801387,
        13.471421921035589,
        -4.252442647234856,
        6.290732958562662,
        -2.6755799244442646,
        0.0,
        0.0,
        0.0,
        0.0,
        0.0,
        0.0,
        1.180518959981244,
        -1.2218158072222476,
        -0.9831118114187993,
        1.9415272544420954,
        -0.8776623287344838,
        0.2787185324035338,
        0.0,
        0.0,
        0.0,
        0.0,
        0.7914202944944377,
        0.279324820329988,
        0.6052037658512242,
        0.7448661619917077,
        0.0,
        -1.3035157981217427,
        -0.2327706717908685,
        0.8845285567307068,
        0.0,
        0.0,
        -17.91705910980705,
        -17.51556727368076,
        0.0,
        -0.009014915275973312,
        0.0,
        0.0,
        0.0
      ],
      [
        5.679843805730343,
        8.930134101090154,
        5.9723699300865185,
        6.264896062349909,
        5.679843805730343,
        6.0308751355589925,
        2.9300318076154124,
        4.319158021467541,
        1.7215228429228704,
        2.388974943210873,
        -4.252442647234856,
        2.4499764808309976,
        -2.1449824474494568,
        0.9123057698498118,
        0.0,
        0.0,
        0.0,
        0.0,
        0.0,
        0.0,
        -0.4025274104859215,
        0.41660860150840034,
        0.3352165150103309,
        -0.662012186683418,
        0.2992608813941864,
        -0.0950360416952671,
        0.0,
        0.0,
        0.0,
        0.0,
        -0.2698545068257339,
        -0.09524277069807364,
        -0.20635933258090955,
        -0.2539807131479393,
        0.0,
        0.4444662529994903,
        0.0793689715522718,
        -0.3016020932370982,
        0.0,
        0.0,
        6.109268594481242,
        5.9723699300865185,
        0.0,
        0.003073860338381751,
        0.0,
        0.0,
        0.0
      ],
      [
        -8.402319230139256,
        -13.21054591936346,
        -8.835059628876158,
        -9.267800039310377,
        -8.402319230139256,
        -8.921607679926518,
        -4.334461201888081,
        -6.389426494482459,
        -2.546687018150966,
        -3.5340637513133575,
        6.290732958562662,
        -2.1449824474494568,
        4.173120226908364,
        -1.349594209909666,
        0.0,
        0.0,
        0.0,
        0.0,
        0.0,
        0.0,
        0.5954677484601409,
        -0.6162983674325747,
        -0.49589324413681934,
        0.9793293474888385,
        -0.4427032758610758,
        0.14058892958998642,
        0.0,
        0.0,
        0.0,
        0.0,
        0.39920177214141483,
        0.1408947484093071,
        0.3052719490707535,
        0.37571931620127746,
        0.0,
        -0.6575088107349361,
        -0.11741228438022507,
        0.4461666826248768,
        0.0,
        0.0,
        -9.037576868171472,
        -8.835059628876158,
        0.0,
        -0.004547229907048422,
        0.0,
        0.0,
        0.0
      ],
      [
        3.573681604117155,
        5.618720696165055,
        3.757735121000766,
        3.9417886428594917,
        3.573681604117155,
        3.7945458121720477,
        1.8435367467877444,
        2.717556343694855,
        1.0831591016510402,
        1.5031110184639025,
        -2.6755799244442646,
        0.9123057698498118,
        -1.349594209909666,
        1.5740105641053248,
        0.0,
        0.0,
        0.0,
        0.0,
        0.0,
        0.0,
        -0.2532648522380872,
        0.2621245489214491,
        0.21091373886655437,
        -0.4165291959565891,
        0.18829093605189198,
        -0.059795403816571516,
        0.0,
        0.0,
        0.0,
        0.0,
        -0.1697888392664013,
        -0.05992547493670328,
        -0.1298385265558242,
        -0.15980126101540115,
        0.0,
        0.2796522099169684,
        0.049937893245306196,
        -0.18976399517430803,
        0.0,
        0.0,
        3.8438699262612803,
        3.757735121000766,
        0.0,
        0.0019340318059307,
        0.0,
        0.0,
        0.0
      ],
      [
        0.0,
        0.0,
        0.0,
        0.0,
        0.0,
        0.0,
        0.0,
        0.0,
        0.0,
        0.0,
        0.0,
        0.0,
        0.0,
        0.0,
        1.0,
        0.0,
        0.0,
        0.0,
        0.0,
        0.0,
        0.0,
        0.0,
        0.0,
        0.0,
        0.0,
        0.0,
        0.0,
        0.0,
        0.0,
        0.0,
        0.0,
        0.0,
        0.0,
        0.0,
        0.0,
        0.0,
        0.0,
        0.0,
        0.0,
        0.0,
        0.0,
        0.0,
        0.0,
        0.0,
        0.0,
        0.0,
        0.0
      ],
      [
        0.0,
        0.0,
        0.0,
        0.0,
        0.0,
        0.0,
        0.0,
        0.0,
        0.0,
        0.0,
        0.0,
        0.0,
        0.0,
        0.0,
        0.0,
        1.0,
        0.0,
        0.0,
        0.0,
        0.0,
        0.0,
        0.0,
        0.0,
        0.0,
        0.0,
        0.0,
        0.0,
        0.0,
        0.0,
        0.0,
        0.0,
        0.0,
        0.0,
        0.0,
        0.0,
        0.0,
        0.0,
        0.0,
        0.0,
        0.0,
        0.0,
        0.0,
        0.0,
        0.0,
        0.0,
        0.0,
        0.0
      ],
      [
        0.0,
        0.0,
        0.0,
        0.0,
        0.0,
        0.0,
        0.0,
        0.0,
        0.0,
        0.0,
        0.0,
        0.0,
        0.0,
        0.0,
        0.0,
        0.0,
        1.0,
        0.0,
        0.0,
        0.0,
        0.0,
        0.0,
        0.0,
        0.0,
        0.0,
        0.0,
        0.0,
        0.0,
        0.0,
        0.0,
        0.0,
        0.0,
        0.0,
        0.0,
        0.0,
        0.0,
        0.0,
        0.0,
        0.0,
        0.0,
        0.0,
        0.0,
        0.0,
        0.0,
        0.0,
        0.0,
        0.0
      ],
      [
        0.0,
        0.0,
        0.0,
        0.0,
        0.0,
        0.0,
        0.0,
        0.0,
        0.0,
        0.0,
        0.0,
        0.0,
        0.0,
        0.0,
        0.0,
        0.0,
        0.0,
        1.0,
        0.0,
        0.0,
        0.0,
        0.0,
        0.0,
        0.0,
        0.0,
        0.0,
        0.0,
        0.0,
        0.0,
        0.0,
        0.0,
        0.0,
        0.0,
        0.0,
        0.0,
        0.0,
        0.0,
        0.0,
        0.0,
        0.0,
        0.0,
        0.0,
        0.0,
        0.0,
        0.0,
        0.0,
        0.0
      ],
      [
        0.0,
        0.0,
        0.0,
        0.0,
        0.0,
        0.0,
        0.0,
        0.0,
        0.0,
        0.0,
        0.0,
        0.0,
        0.0,
        0.0,
        0.0,
        0.0,
        0.0,
        0.0,
        1.0,
        0.0,
        0.0,
        0.0,
        0.0,
        0.0,
        0.0,
        0.0,
        0.0,
        0.0,
        0.0,
        0.0,
        0.0,
        0.0,
        0.0,
        0.0,
        0.0,
        0.0,
        0.0,
        0.0,
        0.0,
        0.0,
        0.0,
        0.0,
        0.0,
        0.0,
        0.0,
        0.0,
        0.0
      ],
      [
        0.0,
        0.0,
        0.0,
        0.0,
        0.0,
        0.0,
        0.0,
        0.0,
        0.0,
        0.0,
        0.0,
        0.0,
        0.0,
        0.0,
        0.0,
        0.0,
        0.0,
        0.0,
        0.0,
        1.0,
        0.0,
        0.0,
        0.0,
        0.0,
        0.0,
        0.0,
        0.0,
        0.0,
        0.0,
        0.0,
        0.0,
        0.0,
        0.0,
        0.0,
        0.0,
        0.0,
        0.0,
        0.0,
        0.0,
        0.0,
        0.0,
        0.0,
        0.0,
        0.0,
        0.0,
        0.0,
        0.0
      ],
      [
        -1.5771754831075668,
        -2.466941731117534,
        -1.6572544449698763,
        -1.7373334085302479,
        -1.5771754831075668,
        -1.673270231320578,
        -0.814837189198616,
        -1.1976075555513728,
        -0.47804911821219415,
        -0.6638571043757143,
        1.180518959981244,
        -0.4025274104859215,
        0.5954677484601409,
        -0.2532648522380872,
        0.0,
        0.0,
        0.0,
        0.0,
        0.0,
        0.0,
        1.1119139822203656,
        -0.11582895077903631,
        -0.09319965330761062,
        0.1840580744512359,
        -0.08320297225095226,
        0.026422702163497507,
        0.0,
        0.0,
        0.0,
        0.0,
        0.07505189672991473,
        0.02648890572400999,
        0.05739262797518921,
        0.07063707950506658,
        0.0,
        -0.12361489052298048,
        -0.022074086980683208,
        0.08388153090621642,
        0.0,
        0.0,
        -1.6964178904380756,
        -1.6572544449698763,
        0.0,
        -0.0007923896649602788,
        0.0,
        0.0,
        0.0
      ],
      [
        1.632348146289587,
        2.553240147730541,
        1.715228425944643,
        1.7981087073571622,
        1.632348146289587,
        1.7318044756432414,
        0.8433417773757317,
        1.2395021951882623,
        0.4947722053164303,
        0.6870801158607902,
        -1.2218158072222476,
        0.41660860150840034,
        -0.6162983674325747,
        0.2621245489214491,
        0.0,
        0.0,
        0.0,
        0.0,
        0.0,
        0.0,
        -0.11582895077903631,
        1.1198808725450853,
        0.09645995827701054,
        -0.19049678353967991,
        0.08611357389239069,
        -0.027347019627257746,
        0.0,
        0.0,
        0.0,
        0.0,
        -0.07767735790918363,
        -0.02741553911623418,
        -0.05940033362008888,
        -0.07310810179947792,
        0.0,
        0.1279391795867943,
        0.022846281434930595,
        -0.08681586984563634,
        0.0,
        0.0,
        1.7557618847415362,
        1.715228425944643,
        0.0,
        0.0008201090033043562,
        0.0,
        0.0,
        0.0
      ],
      [
        1.313439172692597,
        2.054418129205853,
        1.380127278396888,
        1.4468153855152894,
        1.313439172692597,
        1.3934648945229486,
        0.6785795843286386,
        0.9973428409796802,
        0.39810943355887507,
        0.5528464874530146,
        -0.9831118114187993,
        0.3352165150103309,
        -0.49589324413681934,
        0.21091373886655437,
        0.0,
        0.0,
        0.0,
        0.0,
        0.0,
        0.0,
        -0.09319965330761062,
        0.09645995827701054,
        1.077614746650291,
        -0.1532797635021523,
        0.06928971710328824,
        -0.02200428071837578,
        0.0,
        0.0,
        0.0,
        0.0,
        -0.06250166973477153,
        -0.022059413676852085,
        -0.0477953953892027,
        -0.05882510111826035,
        0.0,
        0.10294392811378106,
        0.018382843795783293,
        -0.0698548067401164,
        0.0,
        0.0,
        1.412741787088724,
        1.380127278396888,
        0.0,
        0.0006598857901299326,
        0.0,
        0.0,
        0.0
      ],
      [
        -2.593883952125907,
        -4.057228023409959,
        -2.7255849177872613,
        -2.8572858862413137,
        -2.593883952125907,
        -2.7519251010159116,
        -1.34011283544731,
        -1.9696318208544128,
        -0.7862181157472967,
        -1.091805134049336,
        1.9415272544420954,
        -0.662012186683418,
        0.9793293474888385,
        -0.4165291959565891,
        0.0,
        0.0,
        0.0,
        0.0,
        0.0,
        0.0,
        0.1840580744512359,
        -0.19049678353967991,
        -0.1532797635021523,
        1.3027090458097583,
        -0.13683883423052035,
        0.04345580047751076,
        0.0,
        0.0,
        0.0,
        0.0,
        0.12343325938255569,
        0.04356468141981766,
        0.09439014127786056,
        0.11617247979690058,
        0.0,
        -0.2033018419291668,
        -0.036303899336813744,
        0.1379548181042304,
        0.0,
        0.0,
        -2.789994638666659,
        -2.7255849177872613,
        0.0,
        -0.0013031948668567814,
        0.0,
        0.0,
        0.0
      ],
      [
        1.1725584715604782,
        1.8340593390441458,
        1.2320935492930696,
        1.291628628288092,
        1.1725584715604782,
        1.2440005603626818,
        0.6057945102077718,
        0.890366924665829,
        0.35540784741177833,
        0.49354766167030145,
        -0.8776623287344838,
        0.2992608813941864,
        -0.4427032758610758,
        0.18829093605189198,
        0.0,
        0.0,
        0.0,
        0.0,
        0.0,
        0.0,
        -0.08320297225095226,
        0.08611357389239069,
        0.06928971710328824,
        -0.13683883423052035,
        1.061857637929116,
        -0.01964408120672355,
        0.0,
        0.0,
        0.0,
        0.0,
        -0.05579768280360357,
        -0.019693300553372272,
        -0.042668817052672905,
        -0.052515466338982526,
        0.0,
        0.09190206712596272,
        0.01641108295983123,
        -0.06236211552958912,
        0.0,
        0.0,
        1.2612097956408928,
        1.2320935492930696,
        0.0,
        0.000589105815021352,
        0.0,
        0.0,
        0.0
      ],
      [
        -0.37236846750602126,
        -0.5824407758594703,
        -0.39127497514956,
        -0.4101814831940081,
        -0.37236846750602126,
        -0.3950562752565403,
        -0.19238168399132521,
        -0.2827531209901397,
        -0.11286658930587053,
        -0.15673554098978973,
        0.2787185324035338,
        -0.0950360416952671,
        0.14058892958998642,
        -0.059795403816571516,
        0.0,
        0.0,
        0.0,
        0.0,
        0.0,
        0.0,
        0.026422702163497507,
        -0.027347019627257746,
        -0.02200428071837578,
        0.04345580047751076,
        -0.01964408120672355,
        1.0062383553490766,
        0.0,
        0.0,
        0.0,
        0.0,
        0.017719626044315043,
        0.006253985897807256,
        0.013550302520409093,
        0.016677295154799633,
        0.0,
        -0.029185266848866832,
        -0.005211654649781615,
        0.01980428775879784,
        0.0,
        0.0,
        -0.40052139846073226,
        -0.39127497514956,
        0.0,
        -0.00018708186534045247,
        0.0,
        0.0,
        0.0
      ],
      [
        0.0,
        0.0,
        0.0,
        0.0,
        0.0,
        0.0,
        0.0,
        0.0,
        0.0,
        0.0,
        0.0,
        0.0,
        0.0,
        0.0,
        0.0,
        0.0,
        0.0,
        0.0,
        0.0,
        0.0,
        0.0,
        0.0,
        0.0,
        0.0,
        0.0,
        0.0,
        1.0,
        0.0,
        0.0,
        0.0,
        0.0,
        0.0,
        0.0,
        0.0,
        0.0,
        0.0,
        0.0,
        0.0,
        0.0,
        0.0,
        0.0,
        0.0,
        0.0,
        0.0,
        0.0,
        0.0,
        0.0
      ],
      [
        0.0,
        0.0,
        0.0,
        0.0,
        0.0,
        0.0,
        0.0,
        0.0,
        0.0,
        0.0,
        0.0,
        0.0,
        0.0,
        0.0,
        0.0,
        0.0,
        0.0,
        0.0,
        0.0,
        0.0,
        0.0,
        0.0,
        0.0,
        0.0,
        0.0,
        0.0,
        0.0,
        1.0,
        0.0,
        0.0,
        0.0,
        0.0,
        0.0,
        0.0,
        0.0,
        0.0,
        0.0,
        0.0,
        0.0,
        0.0,
        0.0,
        0.0,
        0.0,
        0.0,
        0.0,
        0.0,
        0.0
      ],
      [
        0.0,
        0.0,
        0.0,
        0.0,
        0.0,
        0.0,
        0.0,
        0.0,
        0.0,
        0.0,
        0.0,
        0.0,
        0.0,
        0.0,
        0.0,
        0.0,
        0.0,
        0.0,
        0.0,
        0.0,
        0.0,
        0.0,
        0.0,
        0.0,
        0.0,
        0.0,
        0.0,
        0.0,
        1.0,
        0.0,
        0.0,
        0.0,
        0.0,
        0.0,
        0.0,
        0.0,
        0.0,
        0.0,
        0.0,
        0.0,
        0.0,
        0.0,
        0.0,
        0.0,
        0.0,
        0.0,
        0.0
      ],
      [
        0.0,
        0.0,
        0.0,
        0.0,
        0.0,
        0.0,
        0.0,
        0.0,
        0.0,
        0.0,
        0.0,
        0.0,
        0.0,
        0.0,
        0.0,
        0.0,
        0.0,
        0.0,
        0.0,
        0.0,
        0.0,
        0.0,
        0.0,
        0.0,
        0.0,
        0.0,
        0.0,
        0.0,
        0.0,
        1.0,
        0.0,
        0.0,
        0.0,
        0.0,
        0.0,
        0.0,
        0.0,
        0.0,
        0.0,
        0.0,
        0.0,
        0.0,
        0.0,
        0.0,
        0.0,
        0.0,
        0.0
      ],
      [
        -1.057397103868425,
        -1.6520561803823113,
        -1.1109164204713928,
        -1.164435738137411,
        -1.057397103868425,
        -1.1216202796611363,
        -0.5464778757566192,
        -0.8026601787574293,
        -0.32050821832625787,
        -0.4451479356608867,
        0.7914202944944377,
        -0.2698545068257339,
        0.39920177214141483,
        -0.1697888392664013,
        0.0,
        0.0,
        0.0,
        0.0,
        0.0,
        0.0,
        0.07505189672991473,
        -0.07767735790918363,
        -0.06250166973477153,
        0.12343325938255569,
        -0.05579768280360357,
        0.017719626044315043,
        0.0,
        0.0,
        0.0,
        0.0,
        1.0503350228605839,
        0.017765302853828737,
        0.03849148878323664,
        0.0473741393164233,
        0.0,
        -0.08290474473552478,
        -0.014804418291635448,
        0.05625678976390277,
        0.0,
        0.0,
        -1.1373416487336203,
        -1.1109164204713928,
        0.0,
        -0.000522483780555083,
        0.0,
        0.0,
        0.0
      ],
      [
        -0.3731989918742329,
        -0.5830786738856168,
        -0.3920881631552755,
        -0.41097733481151244,
        -0.3731989918742329,
        -0.3958659959535369,
        -0.19287455162837097,
        -0.28329183853710677,
        -0.11312055185233941,
        -0.15711104200041687,
        0.279324820329988,
        -0.09524277069807364,
        0.1408947484093071,
        -0.05992547493670328,
        0.0,
        0.0,
        0.0,
        0.0,
        0.0,
        0.0,
        0.02648890572400999,
        -0.02741553911623418,
        -0.022059413676852085,
        0.04356468141981766,
        -0.019693300553372272,
        0.006253985897807256,
        0.0,
        0.0,
        0.0,
        0.0,
        0.017765302853828737,
        1.00627010712526,
        0.013585231845885205,
        0.01672028509308177,
        0.0,
        -0.02926049924175806,
        -0.00522508900520682,
        0.019855338310028763,
        0.0,
        0.0,
        -0.4014147146527282,
        -0.3920881631552755,
        0.0,
        -0.00018440605258027935,
        0.0,
        0.0,
        0.0
      ],
      [
        -0.808597800321877,
        -1.2633371026840567,
        -0.8495243373178456,
        -0.8904508751267354,
        -0.808597800321877,
        -0.857709641558154,
        -0.41789485389907405,
        -0.6137989717917197,
        -0.24509452435204737,
        -0.3404072511854107,
        0.6052037658512242,
        -0.20635933258090955,
        0.3052719490707535,
        -0.1298385265558242,
        0.0,
        0.0,
        0.0,
        0.0,
        0.0,
        0.0,
        0.05739262797518921,
        -0.05940033362008888,
        -0.0477953953892027,
        0.09439014127786056,
        -0.042668817052672905,
        0.013550302520409093,
        0.0,
        0.0,
        0.0,
        0.0,
        0.03849148878323664,
        0.013585231845885205,
        1.0294346684385902,
        0.03622728367809227,
        0.0,
        -0.06339774714920218,
        -0.011321025962244491,
        0.04301989885205526,
        0.0,
        0.0,
        -0.8697318651772071,
        -0.8495243373178456,
        0.0,
        -0.0003995464491040636,
        0.0,
        0.0,
        0.0
      ],
      [
        -0.9951972775161266,
        -1.554876410508424,
        -1.0455683992188147,
        -1.0959395219220216,
        -0.9951972775161266,
        -1.0556426196714939,
        -0.5143321200167077,
        -0.7554448767811015,
        -0.30165479464271705,
        -0.41896276431110924,
        0.7448661619917077,
        -0.2539807131479393,
        0.37571931620127746,
        -0.15980126101540115,
        0.0,
        0.0,
        0.0,
        0.0,
        0.0,
        0.0,
        0.07063707950506658,
        -0.07310810179947792,
        -0.05882510111826035,
        0.11617247979690058,
        -0.052515466338982526,
        0.016677295154799633,
        0.0,
        0.0,
        0.0,
        0.0,
        0.0473741393164233,
        0.01672028509308177,
        0.03622728367809227,
        1.0445874253834782,
        0.0,
        -0.07802799529805905,
        -0.013933570201986812,
        0.05294756700819747,
        0.0,
        0.0,
        -1.0704392023436493,
        -1.0455683992188147,
        0.0,
        -0.0004917494587730782,
        0.0,
        0.0,
        0.0
      ],
      [
        0.0,
        0.0,
        0.0,
        0.0,
        0.0,
        0.0,
        0.0,
        0.0,
        0.0,
        0.0,
        0.0,
        0.0,
        0.0,
        0.0,
        0.0,
        0.0,
        0.0,
        0.0,
        0.0,
        0.0,
        0.0,
        0.0,
        0.0,
        0.0,
        0.0,
        0.0,
        0.0,
        0.0,
        0.0,
        0.0,
        0.0,
        0.0,
        0.0,
        0.0,
        1.0,
        0.0,
        0.0,
        0.0,
        0.0,
        0.0,
        0.0,
        0.0,
        0.0,
        0.0,
        0.0,
        0.0,
        0.0
      ],
      [
        1.7415952552109957,
        2.7210337488552554,
        1.829744719172397,
        1.9178941848847046,
        1.7415952552109957,
        1.8473746051609239,
        0.9000812201316823,
        1.3220285493746549,
        0.5278958964454155,
        0.7331848457291572,
        -1.3035157981217427,
        0.4444662529994903,
        -0.6575088107349361,
        0.2796522099169684,
        0.0,
        0.0,
        0.0,
        0.0,
        0.0,
        0.0,
        -0.12361489052298048,
        0.1279391795867943,
        0.10294392811378106,
        -0.2033018419291668,
        0.09190206712596272,
        -0.029185266848866832,
        0.0,
        0.0,
        0.0,
        0.0,
        -0.08290474473552478,
        -0.02926049924175806,
        -0.06339774714920218,
        -0.07802799529805905,
        0.0,
        1.1365489933063062,
        0.02438374812753104,
        -0.09265824330575123,
        0.0,
        0.0,
        1.8732686251378265,
        1.829744719172397,
        0.0,
        0.0008605615417721368,
        0.0,
        0.0,
        0.0
      ],
      [
        0.3109991441015154,
        0.4858988703801266,
        0.32674011938327213,
        0.34248109497769064,
        0.3109991441015154,
        0.3298883132246675,
        0.16072878484901504,
        0.2360765201160264,
        0.09426712177479352,
        0.1309258616880028,
        -0.2327706717908685,
        0.0793689715522718,
        -0.11741228438022507,
        0.049937893245306196,
        0.0,
        0.0,
        0.0,
        0.0,
        0.0,
        0.0,
        -0.022074086980683208,
        0.022846281434930595,
        0.018382843795783293,
        -0.036303899336813744,
        0.01641108295983123,
        -0.005211654649781615,
        0.0,
        0.0,
        0.0,
        0.0,
        -0.014804418291635448,
        -0.00522508900520682,
        -0.011321025962244491,
        -0.013933570201986812,
        0.0,
        0.02438374812753104,
        1.0043542406161363,
        -0.016546114416521148,
        0.0,
        0.0,
        0.3345122452228466,
        0.32674011938327213,
        0.0,
        0.00015367170863677445,
        0.0,
        0.0,
        0.0
      ],
      [
        -1.1817967528477311,
        -1.8464157151099738,
        -1.2416124591347235,
        -1.3014281666098313,
        -1.1817967528477311,
        -1.2535755957752894,
        -0.6107693851939648,
        -0.8970907804499431,
        -0.35821506428212635,
        -0.49751827662369386,
        0.8845285567307068,
        -0.3016020932370982,
        0.4461666826248768,
        -0.18976399517430803,
        0.0,
        0.0,
        0.0,
        0.0,
        0.0,
        0.0,
        0.08388153090621642,
        -0.08681586984563634,
        -0.0698548067401164,
        0.1379548181042304,
        -0.06236211552958912,
        0.01980428775879784,
        0.0,
        0.0,
        0.0,
        0.0,
        0.05625678976390277,
        0.019855338310028763,
        0.04301989885205526,
        0.05294756700819747,
        0.0,
        -0.09265824330575123,
        -0.016546114416521148,
        1.0628752350685502,
        0.0,
        0.0,
        -1.2711465375066213,
        -1.2416124591347235,
        0.0,
        -0.0005839524684420928,
        0.0,
        0.0,
        0.0
      ],
      [
        0.0,
        0.0,
        0.0,
        0.0,
        0.0,
        0.0,
        0.0,
        0.0,
        0.0,
        0.0,
        0.0,
        0.0,
        0.0,
        0.0,
        0.0,
        0.0,
        0.0,
        0.0,
        0.0,
        0.0,
        0.0,
        0.0,
        0.0,
        0.0,
        0.0,
        0.0,
        0.0,
        0.0,
        0.0,
        0.0,
        0.0,
        0.0,
        0.0,
        0.0,
        0.0,
        0.0,
        0.0,
        0.0,
        1.0,
        0.0,
        0.0,
        0.0,
        0.0,
        0.0,
        0.0,
        0.0,
        0.0
      ],
      [
        0.0,
        0.0,
        0.0,
        0.0,
        0.0,
        0.0,
        0.0,
        0.0,
        0.0,
        0.0,
        0.0,
        0.0,
        0.0,
        0.0,
        0.0,
        0.0,
        0.0,
        0.0,
        0.0,
        0.0,
        0.0,
        0.0,
        0.0,
        0.0,
        0.0,
        0.0,
        0.0,
        0.0,
        0.0,
        0.0,
        0.0,
        0.0,
        0.0,
        0.0,
        0.0,
        0.0,
        0.0,
        0.0,
        0.0,
        1.0,
        0.0,
        0.0,
        0.0,
        0.0,
        0.0,
        0.0,
        0.0
      ],
      [
        23.93221202492714,
        37.595114455531295,
        25.161873234705965,
        26.39153447654032,
        23.93221202492714,
        25.407805393317357,
        12.348893349695555,
        18.19452408296072,
        7.253743897447658,
        10.067262735778106,
        -17.91705910980705,
        6.109268594481242,
        -9.037576868171472,
        3.8438699262612803,
        0.0,
        0.0,
        0.0,
        0.0,
        0.0,
        0.0,
        -1.6964178904380756,
        1.7557618847415362,
        1.412741787088724,
        -2.789994638666659,
        1.2612097956408928,
        -0.40052139846073226,
        0.0,
        0.0,
        0.0,
        0.0,
        -1.1373416487336203,
        -0.4014147146527282,
        -0.8697318651772071,
        -1.0704392023436493,
        0.0,
        1.8732686251378265,
        0.3345122452228466,
        -1.2711465375066213,
        0.0,
        0.0,
        26.74160774858729,
        25.161873234705965,
        0.0,
        0.01279740323043732,
        0.0,
        0.0,
        0.0
      ],
      [
        23.393227458000183,
        36.8355631251832,
        24.60303765820401,
        25.81284789307482,
        23.393227458000183,
        24.844999621097873,
        12.062419963365889,
        17.796427225482688,
        7.090354602388938,
        9.837253139882916,
        -17.51556727368076,
        5.9723699300865185,
        -8.835059628876158,
        3.757735121000766,
        0.0,
        0.0,
        0.0,
        0.0,
        0.0,
        0.0,
        -1.6572544449698763,
        1.715228425944643,
        1.380127278396888,
        -2.7255849177872613,
        1.2320935492930696,
        -0.39127497514956,
        0.0,
        0.0,
        0.0,
        0.0,
        -1.1109164204713928,
        -0.3920881631552755,
        -0.8495243373178456,
        -1.0455683992188147,
        0.0,
        1.829744719172397,
        0.32674011938327213,
        -1.2416124591347235,
        0.0,
        0.0,
        25.161873234705965,
        25.60303765820401,
        0.0,
        0.01293175227176313,
        0.0,
        0.0,
        0.0
      ],
      [
        0.0,
        0.0,
        0.0,
        0.0,
        0.0,
        0.0,
        0.0,
        0.0,
        0.0,
        0.0,
        0.0,
        0.0,
