{
  "A": [
    [
      [
        40.0,
        53.47613263130188,
        40.3028519153595,
        41.605703949928284,
        39.0,
        40.563422113657,
        21.04153222590685,
        27.551799446344376,
        12.393147245049477,
        17.013521157205105,
        -11.954984068870544,
        -4.219406301155686,
        -9.142046868801117,
        -11.25174979865551,
        0.0,
        19.69056248664856,
        3.51617175899446,
        -13.361452735960484,
        0.0,
        0.0,
        0.3328015557490289,
        3.4015592736541294,
        -5.442005069111474,
        -2.1603686627931893,
        0.0,
        0.0,
        0.0,
        0.0,
        0.0,
        0.0,
        1.9115756880491972,
        3.134443033421121,
        -4.150611386692617,
        -0.9603756884171162,
        1.4586043544113636,
        0.9377973552327603,
        0.0,
        0.0,
        0.0,
        0.0,
        101.59770518541336,
        40.3028519153595,
        0.0,
        0.0,
        0.0,
        0.0,
        0.0
      ],
      [
        53.47613263130188,
        76.96324590898924,
        55.49997279647184,
        57.52381310355398,
        53.47613263130188,
        55.90474061822539,
        28.55843996888327,
        38.38743408833833,
        16.853337347875215,
        23.153053943384997,
        -16.40113160007692,
        -5.788634896212046,
        -12.542042117274553,
        -15.436359270651273,
        0.0,
        27.013629196134406,
        4.823862196334855,
        -18.33067643516475,
        0.0,
        0.0,
        -0.3778845919702972,
        3.0226340387729413,
        -7.955303263474766,
        -3.3407632963125886,
        0.0,
        0.0,
        0.0,
        0.0,
        0.0,
        0.0,
        2.5262223270295814,
        4.390834746401728,
        -5.366480527857608,
        -1.1550954816167316,
        2.088991329645824,
        1.3412875113081457,
        0.0,
        0.0,
        0.0,
        0.0,
        139.30903487041434,
        55.49997279647184,
        0.0,
        0.0,
        0.0,
        0.0,
        0.0
      ],
      [
        40.3028519153595,
        55.49997279647184,
        42.670592772449154,
        43.03833375079133,
        40.3028519153595,
        41.944140756707135,
        21.718053911282787,
        28.52700654845222,
        12.794564347760016,
        17.566079098753285,
        -12.35513734010021,
        -4.360636872388791,
        -9.448046436132799,
        -11.628364644943213,
        0.0,
        20.349638479666442,
        3.6338638964201246,
        -13.80868286153597,
        0.0,
        0.0,
        0.26883985152015477,
        3.3674560364745236,
        -5.668201901331489,
        -2.266604142370759,
        0.0,
        0.0,
        0.0,
        0.0,
        0.0,
        0.0,
        1.9668938382288754,
        3.247518314894894,
        -4.26003962082691,
        -0.9779004417895893,
        1.515339159371804,
        0.9741115146500485,
        0.0,
        0.0,
        0.0,
        0.0,
        104.99172480116474,
        41.670592772449154,
        0.0,
        0.0,
        0.0,
        0.0,
        0.0
      ],
      [
        41.605703949928284,
        57.52381310355398,
        43.03833375079133,
        45.4709636749502,
        41.605703949928284,
        43.3248595214185,
        22.394575662819484,
        29.50221373179782,
        13.195981488639724,
        18.118637093152348,
        -12.755290647801234,
        -4.501867456494137,
        -9.754046031354335,
        -12.0049795255569,
        0.0,
        21.008714532754784,
        3.7515560445726535,
        -14.25591302787357,
        0.0,
        0.0,
        0.2048780683326783,
        3.3333527812012136,
        -5.89439875834647,
        -2.3728397488506303,
        0.0,
        0.0,
        0.0,
        0.0,
        0.0,
        0.0,
        2.0222121130370514,
        3.360593568304682,
        -4.369467809986165,
        -0.9954252955039431,
        1.5720740355721083,
        1.0104255520430445,
        0.0,
        0.0,
        0.0,
        0.0,
        108.38574472746456,
        43.03833375079133,
        0.0,
        0.0,
        0.0,
        0.0,
        0.0
      ],
      [
        39.0,
        53.47613263130188,
        40.3028519153595,
        41.605703949928284,
        40.0,
        40.563422113657,
        21.04153222590685,
        27.551799446344376,
        12.393147245049477,
        17.013521157205105,
        -11.954984068870544,
        -4.219406301155686,
        -9.142046868801117,
        -11.25174979865551,
        0.0,
        19.69056248664856,
        3.51617175899446,
        -13.361452735960484,
        0.0,
        0.0,
        0.3328015557490289,
        3.4015592736541294,
        -5.442005069111474,
        -2.1603686627931893,
        0.0,
        0.0,
        0.0,
        0.0,
        0.0,
        0.0,
        1.9115756880491972,
        3.134443033421121,
        -4.150611386692617,
        -0.9603756884171162,
        1.4586043544113636,
        0.9377973552327603,
        0.0,
        0.0,
        0.0,
        0.0,
        101.59770518541336,
        40.3028519153595,
        0.0,
        0.0,
        0.0,
        0.0,
        0.0
      ],
      [
        40.563422113657,
        55.90474061822539,
        41.944140756707135,
        43.3248595214185,
        40.563422113657,
        43.22028429768011,
        21.85335814395857,
        28.7220478483045,
        12.874847707205628,
        17.676590603579328,
        -12.435167937843946,
        -4.388882966693459,
        -9.509246306391566,
        -11.703687561022221,
        0.0,
        20.481453585207568,
        3.6574023072869615,
        -13.898128823501548,
        0.0,
        0.0,
        0.2560475166903171,
        3.3606353414605055,
        -5.713441396898421,
        -2.2878513319473504,
        0.0,
        0.0,
        0.0,
        0.0,
        0.0,
        0.0,
        1.97795750824011,
        3.2701333184652803,
        -4.281925238738007,
        -0.9814054367685592,
        1.5266861884231262,
        0.9813742153015015,
        0.0,
        0.0,
        0.0,
        0.0,
        105.67052824296482,
        41.944140756707135,
        0.0,
        0.0,
        0.0,
        0.0,
        0.0
      ],
      [
        21.04153222590685,
        28.55843996888327,
        21.718053911282787,
        22.394575662819484,
        21.04153222590685,
        21.85335814395857,
        12.385712808829236,
        14.792087186832854,
        6.704957839300936,
        9.200306658849781,
        -6.449067040218826,
        -2.2761413946704683,
        -4.931639625051837,
        -6.069710202098733,
        0.0,
        10.621993036222612,
        1.8967844098924926,
        -7.207780783635172,
        0.0,
        0.0,
        0.26590178160974415,
        2.021817507890892,
        -2.8724820992238467,
        -1.122759352117246,
        0.0,
        0.0,
        0.0,
        0.0,
        0.0,
        0.0,
        1.0443264255838036,
        1.6732344139072644,
        -2.276069774415257,
        -0.5299859983570442,
        0.7756372371946147,
        0.5035254629692265,
        0.0,
        0.0,
        0.0,
        0.0,
        54.81465096469772,
        21.718053911282787,
        0.0,
        0.0,
        0.0,
        0.0,
        0.0
      ],
      [
        27.551799446344376,
        38.38743408833833,
        28.52700654845222,
        29.50221373179782,
        27.551799446344376,
        28.7220478483045,
        14.792087186832854,
        20.6530291736304,
        8.694195205023114,
        11.964287375472562,
        -8.447674082098557,
        -2.9815321407700326,
        -6.4599862223298485,
        -7.9507521413569915,
        0.0,
        13.913816484006647,
        2.4846100055983467,
        -9.441518062010154,
        0.0,
        0.0,
        0.10150839401134365,
        1.9982839314265664,
        -4.005746741694798,
        -1.5723356424340929,
        0.0,
        0.0,
        0.0,
        0.0,
        0.0,
        0.0,
        1.3055631069683156,
        2.2749760031746966,
        -2.864678486939381,
        -0.6749545255336514,
        1.071261190077562,
        0.6172156276525707,
        0.0,
        0.0,
        0.0,
        0.0,
        71.77434864928374,
        28.52700654845222,
        0.0,
        0.0,
        0.0,
        0.0,
        0.0
      ],
      [
        12.393147245049477,
        16.853337347875215,
        12.794564347760016,
        13.195981488639724,
        12.393147245049477,
        12.874847707205628,
        6.704957839300936,
        8.694195205023114,
        4.962775447533925,
        5.424366023212585,
        -3.7985119124154316,
        -1.340651313815156,
        -2.9047444763178243,
        -3.575070061063381,
        0.0,
        6.25637271691808,
        1.1172093775950647,
        -4.2453956502563415,
        0.0,
        0.0,
        0.11514734735159984,
        1.182119335943308,
        -1.6786552953436618,
        -0.6958729467395679,
        0.0,
        0.0,
        0.0,
        0.0,
        0.0,
        0.0,
        0.6261425648639802,
        0.9711216482545676,
        -1.3304407918640673,
        -0.29614840411058435,
        0.44602822595122005,
        0.3319457625451965,
        0.0,
        0.0,
        0.0,
        0.0,
        32.285008213860664,
        12.794564347760016,
        0.0,
        0.0,
        0.0,
        0.0,
        0.0
      ],
      [
        17.013521157205105,
        23.153053943384997,
        17.566079098753285,
        18.118637093152348,
        17.013521157205105,
        17.676590603579328,
        9.200306658849781,
        11.964287375472562,
        5.424366023212585,
        8.43808229064593,
        -5.214715125793658,
        -1.8404877610976151,
        -3.98772343132684,
        -4.907967214236974,
        0.0,
        8.58894277367864,
        1.5337397316045982,
        -5.8282110014853075,
        0.0,
        0.0,
        0.18304555403737938,
        1.6008977749266968,
        -2.3271260119206496,
        -0.9297693853819611,
        0.0,
        0.0,
        0.0,
        0.0,
        0.0,
        0.0,
        0.8471193114256137,
        1.3495539637241711,
        -1.8300337447024368,
        -0.41966245958489395,
        0.6242820094622199,
        0.42290788817081876,
        0.0,
        0.0,
        0.0,
        0.0,
        44.32140273707731,
        17.566079098753285,
        0.0,
        0.0,
        0.0,
        0.0,
        0.0
      ],
      [
        -11.954984068870544,
        -16.40113160007692,
        -12.35513734010021,
        -12.755290647801234,
        -11.954984068870544,
        -12.435167937843946,
        -6.449067040218826,
        -8.447674082098557,
        -3.7985119124154316,
        -5.214715125793658,
        4.664685986280272,
        1.2934186321796646,
        2.8024070005218484,
        3.449116248977532,
        0.0,
        -6.035953539652715,
        -1.0778488115230924,
        4.095825499720193,
        0.0,
        0.0,
        -0.0992763102641368,
        -1.0373171804263854,
        1.6698004105799902,
        0.6634774692904413,
        0.0,
        0.0,
        0.0,
        0.0,
        0.0,
        0.0,
        -0.5856593059616405,
        -0.9611301954384579,
        1.2712540252165239,
        0.29385965830436944,
        -0.4474098941493183,
        -0.2876524644397971,
        0.0,
        0.0,
        0.0,
        0.0,
        -31.143562741881453,
        -12.35513734010021,
        0.0,
        0.0,
        0.0,
        0.0,
        0.0
      ],
      [
        -4.219406301155686,
        -5.788634896212046,
        -4.360636872388791,
        -4.501867456494137,
        -4.219406301155686,
        -4.388882966693459,
        -2.2761413946704683,
        -2.9815321407700326,
        -1.340651313815156,
        -1.8404877610976151,
        1.2934186321796646,
        1.456500710929281,
        0.9890848610210129,
        1.217335192614777,
        0.0,
        -2.1303366237612824,
        -0.38041724194539245,
        1.445585525015707,
        0.0,
        0.0,
        -0.03503869741375788,
        -0.3661119680849632,
        0.5893413402255077,
        0.23416852125963578,
        0.0,
        0.0,
        0.0,
        0.0,
        0.0,
        0.0,
        -0.20670328578237043,
        -0.33922243572104227,
        0.4486779165001896,
        0.10371517485924765,
        -0.1579093716242849,
        -0.10152440800749005,
        0.0,
        0.0,
        0.0,
        0.0,
        -10.991846088335842,
        -4.360636872388791,
        0.0,
        0.0,
        0.0,
        0.0,
        0.0
      ],
      [
        -9.142046868801117,
        -12.542042117274553,
        -9.448046436132799,
        -9.754046031354335,
        -9.142046868801117,
        -9.509246306391566,
        -4.931639625051837,
        -6.4599862223298485,
        -2.9047444763178243,
        -3.98772343132684,
        2.8024070005218484,
        0.9890848610210129,
        3.1430171714508237,
        2.6375595502411024,
        0.0,
        -4.615729292407018,
        -0.8242373469991074,
        3.13210193078024,
        0.0,
        0.0,
        -0.0759171882207394,
        -0.7932425768359658,
        1.2769062213057145,
        0.5073651359077922,
        0.0,
        0.0,
        0.0,
        0.0,
        0.0,
        0.0,
        -0.4478571110959941,
        -0.7349819402580877,
        0.9721354631563603,
        0.2247162195070449,
        -0.3421369672637807,
        -0.219969549083365,
        0.0,
        0.0,
        0.0,
        0.0,
        -23.815666219840256,
        -9.448046436132799,
        0.0,
        0.0,
        0.0,
        0.0,
        0.0
      ],
      [
        -11.25174979865551,
        -15.436359270651273,
        -11.628364644943213,
        -12.0049795255569,
        -11.25174979865551,
        -11.703687561022221,
        -6.069710202098733,
        -7.9507521413569915,
        -3.575070061063381,
        -4.907967214236974,
        3.449116248977532,
        1.217335192614777,
        2.6375595502411024,
        4.246227082892815,
        0.0,
        -5.68089749289024,
        -1.0144459480794081,
        3.8548946176969916,
        0.0,
        0.0,
        -0.09343653125223492,
        -0.9762985193013269,
        1.5715768815477253,
        0.6244494029408798,
        0.0,
        0.0,
        0.0,
        0.0,
        0.0,
        0.0,
        -0.5512087413296778,
        -0.9045931413612943,
        1.1964743953237398,
        0.27657382611752906,
        -0.4210916486039423,
        -0.2707317374440777,
        0.0,
        0.0,
        0.0,
        0.0,
        -29.311588689008282,
        -11.628364644943213,
        0.0,
        0.0,
        0.0,
        0.0,
        0.0
      ],
      [
        0.0,
        0.0,
        0.0,
        0.0,
        0.0,
        0.0,
        0.0,
        0.0,
        0.0,
        0.0,
        0.0,
        0.0,
        0.0,
        0.0,
        1.0,
        0.0,
        0.0,
        0.0,
        0.0,
        0.0,
        0.0,
        0.0,
        0.0,
        0.0,
        0.0,
        0.0,
        0.0,
        0.0,
        0.0,
        0.0,
        0.0,
        0.0,
        0.0,
        0.0,
        0.0,
        0.0,
        0.0,
        0.0,
        0.0,
        0.0,
        0.0,
        0.0,
        0.0,
        0.0,
        0.0,
        0.0,
        0.0
      ],
      [
        19.69056248664856,
        27.013629196134406,
        20.349638479666442,
        21.008714532754784,
        19.69056248664856,
        20.481453585207568,
        10.621993036222612,
        13.913816484006647,
        6.25637271691808,
        8.58894277367864,
        -6.035953539652715,
        -2.1303366237612824,
        -4.615729292407018,
        -5.68089749289024,
        0.0,
        10.941570783756568,
        1.7752804397101498,
        -6.746065697140243,
        0.0,
        0.0,
        0.16351390697340834,
        1.70852242737216,
        -2.7502595458733974,
        -1.0927864513431755,
        0.0,
        0.0,
        0.0,
        0.0,
        0.0,
        0.0,
        0.9646152962848009,
        1.5830380298403757,
        -2.0938302499687986,
        -0.4840041802018955,
        0.7369103893832266,
        0.4737805989248036,
        0.0,
        0.0,
        0.0,
        0.0,
        51.295281088886654,
        20.349638479666442,
        0.0,
        0.0,
        0.0,
        0.0,
        0.0
      ],
      [
        3.51617175899446,
        4.823862196334855,
        3.6338638964201246,
        3.7515560445726535,
        3.51617175899446,
        3.6574023072869615,
        1.8967844098924926,
        2.4846100055983467,
        1.1172093775950647,
        1.5337397316045982,
        -1.0778488115230924,
        -0.38041724194539245,
        -0.8242373469991074,
        -1.0144459480794081,
        0.0,
        1.7752804397101498,
        1.3170143539858783,
        -1.2046545498323482,
        0.0,
        0.0,
        0.02919892748571437,
        0.30509329073484326,
        -0.49111776058387024,
        -0.19514042531123976,
        0.0,
        0.0,
        0.0,
        0.0,
        0.0,
        0.0,
        0.1722527327678553,
        0.28268535066858735,
        -0.37389824224039186,
        -0.08642931268488951,
        0.13159113717640478,
        0.08460366891786762,
        0.0,
        0.0,
        0.0,
        0.0,
        9.15987132702397,
        3.6338638964201246,
        0.0,
        0.0,
        0.0,
        0.0,
        0.0
      ],
      [
        -13.361452735960484,
        -18.33067643516475,
        -13.80868286153597,
        -14.25591302787357,
        -13.361452735960484,
        -13.898128823501548,
        -7.207780783635172,
        -9.441518062010154,
        -4.2453956502563415,
        -5.8282110014853075,
        4.095825499720193,
        1.445585525015707,
        3.13210193078024,
        3.8548946176969916,
        0.0,
        -6.746065697140243,
        -1.2046545498323482,
        5.5776873071697635,
        0.0,
        0.0,
        -0.11095589720188945,
        -1.1593545044026803,
        1.8662475113958403,
        0.7415336562242683,
        0.0,
        0.0,
        0.0,
        0.0,
        0.0,
        0.0,
        -0.6545603717220912,
        -1.074204346505435,
        1.420813336439282,
        0.3284313830514118,
        -0.5000463364666017,
        -0.3214939451828285,
        0.0,
        0.0,
        0.0,
        0.0,
        -34.80751117758556,
        -13.80868286153597,
        0.0,
        0.0,
        0.0,
        0.0,
        0.0
      ],
      [
        0.0,
        0.0,
        0.0,
        0.0,
        0.0,
        0.0,
        0.0,
        0.0,
        0.0,
        0.0,
        0.0,
        0.0,
        0.0,
        0.0,
        0.0,
        0.0,
        0.0,
        0.0,
        1.0,
        0.0,
        0.0,
        0.0,
        0.0,
        0.0,
        0.0,
        0.0,
        0.0,
        0.0,
        0.0,
        0.0,
        0.0,
        0.0,
        0.0,
        0.0,
        0.0,
        0.0,
        0.0,
        0.0,
        0.0,
        0.0,
        0.0,
        0.0,
        0.0,
        0.0,
        0.0,
        0.0,
        0.0
      ],
      [
        0.0,
        0.0,
        0.0,
        0.0,
        0.0,
        0.0,
        0.0,
        0.0,
        0.0,
        0.0,
        0.0,
        0.0,
        0.0,
        0.0,
        0.0,
        0.0,
        0.0,
        0.0,
        0.0,
        1.0,
        0.0,
        0.0,
        0.0,
        0.0,
        0.0,
        0.0,
        0.0,
        0.0,
        0.0,
        0.0,
        0.0,
        0.0,
        0.0,
        0.0,
        0.0,
        0.0,
        0.0,
        0.0,
        0.0,
        0.0,
        0.0,
        0.0,
        0.0,
        0.0,
        0.0,
        0.0,
        0.0
      ],
      [
        0.3328015557490289,
        -0.3778845919702972,
        0.26883985152015477,
        0.2048780683326783,
        0.3328015557490289,
        0.2560475166903171,
        0.26590178160974415,
        0.10150839401134365,
        0.11514734735159984,
        0.18304555403737938,
        -0.0992763102641368,
        -0.03503869741375788,
        -0.0759171882207394,
        -0.09343653125223492,
        0.0,
        0.16351390697340834,
        0.02919892748571437,
        -0.11095589720188945,
        0.0,
        0.0,
        17.54355485434549,
        0.21311131899222444,
        -0.5931615288262934,
        -0.37501918877391727,
        0.0,
        0.0,
        0.0,
        0.0,
        0.0,
        0.0,
        -0.8428420635209244,
        0.02941605094517108,
        0.0698508610728481,
        -1.0237164484937302,
        0.4092696851673057,
        0.10864274100482102,
        0.0,
        0.0,
        0.0,
        0.0,
        0.8669709612633572,
        0.26883985152015477,
        0.0,
        0.0,
        0.0,
        0.0,
        0.0
      ],
      [
        3.4015592736541294,
        3.0226340387729413,
        3.3674560364745236,
        3.3333527812012136,
        3.4015592736541294,
        3.3606353414605055,
        2.021817507890892,
        1.9982839314265664,
        1.182119335943308,
        1.6008977749266968,
        -1.0373171804263854,
        -0.3661119680849632,
        -0.7932425768359658,
        -0.9762985193013269,
        0.0,
        1.70852242737216,
        0.30509329073484326,
        -1.1593545044026803,
        0.0,
        0.0,
        0.21311131899222444,
        15.730466977236107,
        -0.6190487829572414,
        -0.4199703162835367,
        0.0,
        0.0,
        0.0,
        0.0,
        0.0,
        0.0,
        0.3992461075021533,
        -0.2772367748506561,
        -1.2430245929742476,
        0.49440064343120954,
        -0.28994327839068523,
        -0.2560374046637002,
        0.0,
        0.0,
        0.0,
        0.0,
        8.861297938692864,
        3.3674560364745236,
        0.0,
        0.0,
        0.0,
        0.0,
        0.0
      ],
      [
        -5.442005069111474,
        -7.955303263474766,
        -5.668201901331489,
        -5.89439875834647,
        -5.442005069111474,
        -5.713441396898421,
        -2.8724820992238467,
        -4.005746741694798,
        -1.6786552953436618,
        -2.3271260119206496,
        1.6698004105799902,
        0.5893413402255077,
        1.2769062213057145,
        1.5715768815477253,
        0.0,
        -2.7502595458733974,
        -0.49111776058387024,
        1.8662475113958403,
        0.0,
        0.0,
        -0.5931615288262934,
        -0.6190487829572414,
        14.839503503205918,
        0.10258637833214856,
        0.0,
        0.0,
        0.0,
        0.0,
        0.0,
        0.0,
        -0.1357177822352516,
        -0.4387404166428881,
        0.008705197433801909,
        0.28577897243134226,
        -0.1308629094690077,
        -0.12646607144029698,
        0.0,
        0.0,
        0.0,
        0.0,
        -14.176800770242057,
        -5.668201901331489,
        0.0,
        0.0,
        0.0,
        0.0,
        0.0
      ],
      [
        -2.1603686627931893,
        -3.3407632963125886,
        -2.266604142370759,
        -2.3728397488506303,
        -2.1603686627931893,
        -2.2878513319473504,
        -1.122759352117246,
        -1.5723356424340929,
        -0.6958729467395679,
        -0.9297693853819611,
        0.6634774692904413,
        0.23416852125963578,
        0.5073651359077922,
        0.6244494029408798,
        0.0,
        -1.0927864513431755,
        -0.19514042531123976,
        0.7415336562242683,
        0.0,
        0.0,
        -0.37501918877391727,
        -0.4199703162835367,
        0.10258637833214856,
        17.255576435842865,
        0.0,
        0.0,
        0.0,
        0.0,
        0.0,
        0.0,
        -0.9509548954399835,
        -0.19005251979449622,
        0.3809377061374996,
        0.3094502208153943,
        -0.11143090324380645,
        0.15908530769210855,
        0.0,
        0.0,
        0.0,
        0.0,
        -5.627910047158693,
        -2.266604142370759,
        0.0,
        0.0,
        0.0,
        0.0,
        0.0
      ],
      [
        0.0,
        0.0,
        0.0,
        0.0,
        0.0,
        0.0,
        0.0,
        0.0,
        0.0,
        0.0,
        0.0,
        0.0,
        0.0,
        0.0,
        0.0,
        0.0,
        0.0,
        0.0,
        0.0,
        0.0,
        0.0,
        0.0,
        0.0,
        0.0,
        1.0,
        0.0,
        0.0,
        0.0,
        0.0,
        0.0,
        0.0,
        0.0,
        0.0,
        0.0,
        0.0,
        0.0,
        0.0,
        0.0,
        0.0,
        0.0,
        0.0,
        0.0,
        0.0,
        0.0,
        0.0,
        0.0,
        0.0
      ],
      [
        0.0,
        0.0,
        0.0,
        0.0,
        0.0,
        0.0,
        0.0,
        0.0,
        0.0,
        0.0,
        0.0,
        0.0,
        0.0,
        0.0,
        0.0,
        0.0,
        0.0,
        0.0,
        0.0,
        0.0,
        0.0,
        0.0,
        0.0,
        0.0,
        0.0,
        1.0,
        0.0,
        0.0,
        0.0,
        0.0,
        0.0,
        0.0,
        0.0,
        0.0,
        0.0,
        0.0,
        0.0,
        0.0,
        0.0,
        0.0,
        0.0,
        0.0,
        0.0,
        0.0,
        0.0,
        0.0,
        0.0
      ],
      [
        0.0,
        0.0,
        0.0,
        0.0,
        0.0,
        0.0,
        0.0,
        0.0,
        0.0,
        0.0,
        0.0,
        0.0,
        0.0,
        0.0,
        0.0,
        0.0,
        0.0,
        0.0,
        0.0,
        0.0,
        0.0,
        0.0,
        0.0,
        0.0,
        0.0,
        0.0,
        1.0,
        0.0,
        0.0,
        0.0,
        0.0,
        0.0,
        0.0,
        0.0,
        0.0,
        0.0,
        0.0,
        0.0,
        0.0,
        0.0,
        0.0,
        0.0,
        0.0,
        0.0,
        0.0,
        0.0,
        0.0
      ],
      [
        0.0,
        0.0,
        0.0,
        0.0,
        0.0,
        0.0,
        0.0,
        0.0,
        0.0,
        0.0,
        0.0,
        0.0,
        0.0,
        0.0,
        0.0,
        0.0,
        0.0,
        0.0,
        0.0,
        0.0,
        0.0,
        0.0,
        0.0,
        0.0,
        0.0,
        0.0,
        0.0,
        1.0,
        0.0,
        0.0,
        0.0,
        0.0,
        0.0,
        0.0,
        0.0,
        0.0,
        0.0,
        0.0,
        0.0,
        0.0,
        0.0,
        0.0,
        0.0,
        0.0,
        0.0,
        0.0,
        0.0
      ],
      [
        0.0,
        0.0,
        0.0,
        0.0,
        0.0,
        0.0,
        0.0,
        0.0,
        0.0,
        0.0,
        0.0,
        0.0,
        0.0,
        0.0,
        0.0,
        0.0,
        0.0,
        0.0,
        0.0,
        0.0,
        0.0,
        0.0,
        0.0,
        0.0,
        0.0,
        0.0,
        0.0,
        0.0,
        1.0,
        0.0,
        0.0,
        0.0,
        0.0,
        0.0,
        0.0,
        0.0,
        0.0,
        0.0,
        0.0,
        0.0,
        0.0,
        0.0,
        0.0,
        0.0,
        0.0,
        0.0,
        0.0
      ],
      [
        0.0,
        0.0,
        0.0,
        0.0,
        0.0,
        0.0,
        0.0,
        0.0,
        0.0,
        0.0,
        0.0,
        0.0,
        0.0,
        0.0,
        0.0,
        0.0,
        0.0,
        0.0,
        0.0,
        0.0,
        0.0,
        0.0,
        0.0,
        0.0,
        0.0,
        0.0,
        0.0,
        0.0,
        0.0,
        1.0,
        0.0,
        0.0,
        0.0,
        0.0,
        0.0,
        0.0,
        0.0,
        0.0,
        0.0,
        0.0,
        0.0,
        0.0,
        0.0,
        0.0,
        0.0,
        0.0,
        0.0
      ],
      [
        1.9115756880491972,
        2.5262223270295814,
        1.9668938382288754,
        2.0222121130370514,
        1.9115756880491972,
        1.97795750824011,
        1.0443264255838036,
        1.3055631069683156,
        0.6261425648639802,
        0.8471193114256137,
        -0.5856593059616405,
        -0.20670328578237043,
        -0.4478571110959941,
        -0.5512087413296778,
        0.0,
        0.9646152962848009,
        0.1722527327678553,
        -0.6545603717220912,
        0.0,
        0.0,
        -0.8428420635209244,
        0.3992461075021533,
        -0.1357177822352516,
        -0.9509548954399835,
        0.0,
        0.0,
        0.0,
        0.0,
        0.0,
        0.0,
        6.54684887916044,
        0.1808580313616575,
        0.0073375808517165825,
        -0.36176137706563205,
        -0.23586297321558714,
        -0.2999373042005703,
        0.0,
        0.0,
        0.0,
        0.0,
        4.979787211253469,
        1.9668938382288754,
        0.0,
        0.0,
        0.0,
        0.0,
        0.0
      ],
      [
        3.134443033421121,
        4.390834746401728,
        3.247518314894894,
        3.360593568304682,
        3.134443033421121,
        3.2701333184652803,
        1.6732344139072644,
        2.2749760031746966,
        0.9711216482545676,
        1.3495539637241711,
        -0.9611301954384579,
        -0.33922243572104227,
        -0.7349819402580877,
        -0.9045931413612943,
        0.0,
        1.5830380298403757,
        0.28268535066858735,
        -1.074204346505435,
        0.0,
        0.0,
        0.02941605094517108,
        -0.2772367748506561,
        -0.4387404166428881,
        -0.19005251979449622,
        0.0,
        0.0,
        0.0,
        0.0,
        0.0,
        0.0,
        0.1808580313616575,
        6.446277827857345,
        -0.49194833890344825,
        0.0687472712923616,
        0.4560602255886582,
        -0.3176619231504241,
        0.0,
        0.0,
        0.0,
        0.0,
        8.165441339810073,
        3.247518314894894,
        0.0,
        0.0,
        0.0,
        0.0,
        0.0
      ],
      [
        -4.150611386692617,
        -5.366480527857608,
        -4.26003962082691,
        -4.369467809986165,
        -4.150611386692617,
        -4.281925238738007,
        -2.276069774415257,
        -2.864678486939381,
        -1.3304407918640673,
        -1.8300337447024368,
        1.2712540252165239,
        0.4486779165001896,
        0.9721354631563603,
        1.1964743953237398,
        0.0,
        -2.0938302499687986,
        -0.37389824224039186,
        1.420813336439282,
        0.0,
        0.0,
        0.0698508610728481,
        -1.2430245929742476,
        0.008705197433801909,
        0.3809377061374996,
        0.0,
        0.0,
        0.0,
        0.0,
        0.0,
        0.0,
        0.0073375808517165825,
        -0.49194833890344825,
        6.008681116164248,
        -0.685514847098357,
        -0.030006538662725818,
        -0.6334357588989683,
        0.0,
        0.0,
        0.0,
        0.0,
        -10.81263053190258,
        -4.26003962082691,
        0.0,
        0.0,
        0.0,
        0.0,
        0.0
      ],
      [
        -0.9603756884171162,
        -1.1550954816167316,
        -0.9779004417895893,
        -0.9954252955039431,
        -0.9603756884171162,
        -0.9814054367685592,
        -0.5299859983570442,
        -0.6749545255336514,
        -0.29614840411058435,
        -0.41966245958489395,
        0.29385965830436944,
        0.10371517485924765,
        0.2247162195070449,
        0.27657382611752906,
        0.0,
        -0.4840041802018955,
        -0.08642931268488951,
        0.3284313830514118,
        0.0,
        0.0,
        -1.0237164484937302,
        0.49440064343120954,
        0.28577897243134226,
        0.3094502208153943,
        0.0,
        0.0,
        0.0,
        0.0,
        0.0,
        0.0,
        -0.36176137706563205,
        0.0687472712923616,
        -0.685514847098357,
        5.705278890797227,
        -0.08910711544746358,
        -0.17118970791941837,
        0.0,
        0.0,
        0.0,
        0.0,
        -2.501845113255135,
        -0.9779004417895893,
        0.0,
        0.0,
        0.0,
        0.0,
        0.0
      ],
      [
        1.4586043544113636,
        2.088991329645824,
        1.515339159371804,
        1.5720740355721083,
        1.4586043544113636,
        1.5266861884231262,
        0.7756372371946147,
        1.071261190077562,
        0.44602822595122005,
        0.6242820094622199,
        -0.4474098941493183,
        -0.1579093716242849,
        -0.3421369672637807,
        -0.4210916486039423,
        0.0,
        0.7369103893832266,
        0.13159113717640478,
        -0.5000463364666017,
        0.0,
        0.0,
        0.4092696851673057,
        -0.28994327839068523,
        -0.1308629094690077,
        -0.11143090324380645,
        0.0,
        0.0,
        0.0,
        0.0,
        0.0,
        0.0,
        -0.23586297321558714,
        0.4560602255886582,
        -0.030006538662725818,
        -0.08910711544746358,
        6.100583358210224,
        -0.5793306047457453,
        0.0,
        0.0,
        0.0,
        0.0,
        3.799765652252723,
        1.515339159371804,
        0.0,
        0.0,
        0.0,
        0.0,
        0.0
      ],
      [
        0.9377973552327603,
        1.3412875113081457,
        0.9741115146500485,
        1.0104255520430445,
        0.9377973552327603,
        0.9813742153015015,
        0.5035254629692265,
        0.6172156276525707,
        0.3319457625451965,
        0.42290788817081876,
        -0.2876524644397971,
        -0.10152440800749005,
        -0.219969549083365,
        -0.2707317374440777,
        0.0,
        0.4737805989248036,
        0.08460366891786762,
        -0.3214939451828285,
        0.0,
        0.0,
        0.10864274100482102,
        -0.2560374046637002,
        -0.12646607144029698,
        0.15908530769210855,
        0.0,
        0.0,
        0.0,
        0.0,
        0.0,
        0.0,
        -0.2999373042005703,
        -0.3176619231504241,
        -0.6334357588989683,
        -0.17118970791941837,
        -0.5793306047457453,
        6.491206081155495,
        0.0,
        0.0,
        0.0,
        0.0,
        2.443027153177645,
        0.9741115146500485,
        0.0,
        0.0,
        0.0,
        0.0,
        0.0
      ],
      [
        0.0,
        0.0,
        0.0,
        0.0,
        0.0,
        0.0,
        0.0,
        0.0,
        0.0,
        0.0,
        0.0,
        0.0,
        0.0,
        0.0,
        0.0,
        0.0,
        0.0,
        0.0,
        0.0,
        0.0,
        0.0,
        0.0,
        0.0,
        0.0,
        0.0,
        0.0,
        0.0,
        0.0,
        0.0,
        0.0,
        0.0,
        0.0,
        0.0,
        0.0,
        0.0,
        0.0,
        1.0,
        0.0,
        0.0,
        0.0,
        0.0,
        0.0,
        0.0,
        0.0,
        0.0,
        0.0,
        0.0
      ],
      [
        0.0,
        0.0,
        0.0,
        0.0,
        0.0,
        0.0,
        0.0,
        0.0,
        0.0,
        0.0,
        0.0,
        0.0,
        0.0,
        0.0,
        0.0,
        0.0,
        0.0,
        0.0,
        0.0,
        0.0,
        0.0,
        0.0,
        0.0,
        0.0,
        0.0,
        0.0,
        0.0,
        0.0,
        0.0,
        0.0,
        0.0,
        0.0,
        0.0,
        0.0,
        0.0,
        0.0,
        0.0,
        1.0,
        0.0,
        0.0,
        0.0,
        0.0,
        0.0,
        0.0,
        0.0,
        0.0,
        0.0
      ],
      [
        0.0,
        0.0,
        0.0,
        0.0,
        0.0,
        0.0,
        0.0,
        0.0,
        0.0,
        0.0,
        0.0,
        0.0,
        0.0,
        0.0,
        0.0,
        0.0,
        0.0,
        0.0,
        0.0,
        0.0,
        0.0,
        0.0,
        0.0,
        0.0,
        0.0,
        0.0,
        0.0,
        0.0,
        0.0,
        0.0,
        0.0,
        0.0,
        0.0,
        0.0,
        0.0,
        0.0,
        0.0,
        0.0,
        1.0,
        0.0,
        0.0,
        0.0,
        0.0,
        0.0,
        0.0,
        0.0,
        0.0
      ],
      [
        0.0,
        0.0,
        0.0,
        0.0,
        0.0,
        0.0,
        0.0,
        0.0,
        0.0,
        0.0,
        0.0,
        0.0,
        0.0,
        0.0,
        0.0,
        0.0,
        0.0,
        0.0,
        0.0,
        0.0,
        0.0,
        0.0,
        0.0,
        0.0,
        0.0,
        0.0,
        0.0,
        0.0,
        0.0,
        0.0,
        0.0,
        0.0,
        0.0,
        0.0,
        0.0,
        0.0,
        0.0,
        0.0,
        0.0,
        1.0,
        0.0,
        0.0,
        0.0,
        0.0,
        0.0,
        0.0,
        0.0
      ],
      [
        101.59770518541336,
        139.30903487041434,
        104.99172480116474,
        108.38574472746456,
        101.59770518541336,
        105.67052824296482,
        54.81465096469772,
        71.77434864928374,
        32.285008213860664,
        44.32140273707731,
        -31.143562741881453,
        -10.991846088335842,
        -23.815666219840256,
        -29.311588689008282,
        0.0,
        51.295281088886654,
        9.15987132702397,
        -34.80751117758556,
        0.0,
        0.0,
        0.8669709612633572,
        8.861297938692864,
        -14.176800770242057,
        -5.627910047158693,
        0.0,
        0.0,
        0.0,
        0.0,
        0.0,
        0.0,
        4.979787211253469,
        8.165441339810073,
        -10.81263053190258,
        -2.501845113255135,
        3.799765652252723,
        2.443027153177645,
        0.0,
        0.0,
        0.0,
        0.0,
        265.6690692036446,
        104.99172480116474,
        0.0,
        0.0,
        0.0,
        0.0,
        0.0
      ],
      [
        40.3028519153595,
        55.49997279647184,
        41.670592772449154,
        43.03833375079133,
        40.3028519153595,
        41.944140756707135,
        21.718053911282787,
        28.52700654845222,
        12.794564347760016,
        17.566079098753285,
        -12.35513734010021,
        -4.360636872388791,
        -9.448046436132799,
        -11.628364644943213,
        0.0,
        20.349638479666442,
        3.6338638964201246,
        -13.80868286153597,
        0.0,
        0.0,
        0.26883985152015477,
        3.3674560364745236,
        -5.668201901331489,
        -2.266604142370759,
        0.0,
        0.0,
        0.0,
        0.0,
        0.0,
        0.0,
        1.9668938382288754,
        3.247518314894894,
        -4.26003962082691,
        -0.9779004417895893,
        1.515339159371804,
        0.9741115146500485,
        0.0,
        0.0,
        0.0,
        0.0,
        104.99172480116474,
        42.670592772449154,
        0.0,
        0.0,
        0.0,
        0.0,
        0.0
      ],
      [
        0.0,
        0.0,
        0.0,
        0.0,
        0.0,
        0.0,
        0.0,
        0.0,
        0.0,
        0.0,
        0.0,
        0.0,
        0.0,
        0.0,
        0.0,
        0.0,
        0.0,
        0.0,
        0.0,
        0.0,
        0.0,
        0.0,
        0.0,
        0.0,
        0.0,
        0.0,
        0.0,
        0.0,
        0.0,
        0.0,
        0.0,
        0.0,
        0.0,
        0.0,
        0.0,
        0.0,
        0.0,
        0.0,
        0.0,
        0.0,
        0.0,
        0.0,
        1.0,
        0.0,
        0.0,
        0.0,
        0.0
      ],
      [
        0.0,
        0.0,
        0.0,
        0.0,
        0.0,
        0.0,
        0.0,
        0.0,
        0.0,
        0.0,
        0.0,
        0.0,
        0.0,
        0.0,
        0.0,
        0.0,
        0.0,
        0.0,
        0.0,
        0.0,
        0.0,
        0.0,
        0.0,
