{
  "A": [
    [
      [
        6.5,
        10.283338487148285,
        5.9305004477500916,
        6.361000895500183,
        5.5,
        6.016600519418716,
        2.68405594676733,
        4.401351615786552,
        1.662957951426506,
        2.2516344860196114,
        -1.5871486887335777,
        0.29759038519114256,
        -1.1903615407645702,
        -1.2895583286881447,
        0.8927711322903633,
        2.5791166573762894,
        0.5951807703822851,
        -1.4879518896341324,
        0.0,
        0.0,
        0.7018025177530944,
        0.6733047170273494,
        -0.5646295526530594,
        0.4233540485147387,
        0.2599050123244524,
        0.15179841220378876,
        0.0,
        0.0,
        0.0,
        0.0,
        -0.14190430752933025,
        -0.6088446751236916,
        -0.6493463491788134,
        -1.3705062861263286,
        0.0,
        0.0,
        0.0,
        0.0,
        0.0,
        0.0,
        15.847101330757141,
        5.9305004477500916,
        0.0,
        0.011897864751517773,
        0.0,
        0.0,
        0.0
      ],
      [
        10.283338487148285,
        20.25008541979593,
        11.09034568114554,
        11.897352873997601,
        10.283338487148285,
        11.251747087354797,
        5.017962380146432,
        8.210843621332964,
        3.122420795561471,
        4.2154501772513155,
        -2.9675578622589622,
        0.5564171104918858,
        -2.225668441967543,
        -2.411140799236066,
        1.6692512886917252,
        4.822281598472132,
        1.1128342209837716,
        -2.782085485230092,
        0.0,
        0.0,
        1.2823880419998432,
        1.2295651592537722,
        -1.0336281861715801,
        0.8303315098114803,
        0.4636139217117059,
        0.32179238031580826,
        0.0,
        0.0,
        0.0,
        0.0,
        -0.3043616094007193,
        -1.11039981780094,
        -1.1686765007652091,
        -2.5355942494323442,
        0.0,
        0.0,
        0.0,
        0.0,
        0.0,
        0.0,
        29.629292183907694,
        11.09034568114554,
        0.0,
        0.023443226200903777,
        0.0,
        0.0,
        0.0
      ],
      [
        5.9305004477500916,
        11.09034568114554,
        7.394886501416131,
        6.859272554979096,
        5.9305004477500916,
        6.487763692944149,
        2.894107518016785,
        4.744205881884525,
        1.7943096034980357,
        2.4283778921004426,
        -1.7113855097072328,
        0.32088478959752886,
        -1.2835391583901155,
        -1.3905007472645088,
        0.9626543437544446,
        2.7810014945290176,
        0.6417695791950577,
        -1.6044239088843657,
        0.0,
        0.0,
        0.7540552064578665,
        0.7233681454535278,
        -0.6068394067581778,
        0.4599820070181926,
        0.27823880533097745,
        0.16709788592291197,
        0.0,
        0.0,
        0.0,
        0.0,
        -0.1565254529999769,
        -0.6539846327169596,
        -0.6960860855813497,
        -1.4753642294826488,
        0.0,
        0.0,
        0.0,
        0.0,
        0.0,
        0.0,
        17.087498461171336,
        6.394886501416131,
        0.0,
        0.012936947636546514,
        0.0,
        0.0,
        0.0
      ],
      [
        6.361000895500183,
        11.897352873997601,
        6.859272554979096,
        8.357544214251881,
        6.361000895500183,
        6.958926866345902,
        3.1041590891718034,
        5.0870601504432305,
        1.925661253946016,
        2.6051212974385276,
        -1.8356223306774888,
        0.3441791940032779,
        -1.3767167760131116,
        -1.4914431658381107,
        1.0325375552166132,
        2.9828863316762213,
        0.6883583880065558,
        -1.7208959281314131,
        0.0,
        0.0,
        0.8063079069562753,
        0.77343159488707,
        -0.649049302464801,
        0.4966099851893937,
        0.29657262981071875,
        0.1823973234019971,
        0.0,
        0.0,
        0.0,
        0.0,
        -0.1711466229622629,
        -0.6991245839844553,
        -0.7428257717410015,
        -1.5802221317601912,
        0.0,
        0.0,
        0.0,
        0.0,
        0.0,
        0.0,
        18.327895591585538,
        6.859272554979096,
        0.0,
        0.013976029103239251,
        0.0,
        0.0,
        0.0
      ],
      [
        5.5,
        10.283338487148285,
        5.9305004477500916,
        6.361000895500183,
        6.5,
        6.016600519418716,
        2.68405594676733,
        4.401351615786552,
        1.662957951426506,
        2.2516344860196114,
        -1.5871486887335777,
        0.29759038519114256,
        -1.1903615407645702,
        -1.2895583286881447,
        0.8927711322903633,
        2.5791166573762894,
        0.5951807703822851,
        -1.4879518896341324,
        0.0,
        0.0,
        0.7018025177530944,
        0.6733047170273494,
        -0.5646295526530594,
        0.4233540485147387,
        0.2599050123244524,
        0.15179841220378876,
        0.0,
        0.0,
        0.0,
        0.0,
        -0.14190430752933025,
        -0.6088446751236916,
        -0.6493463491788134,
        -1.3705062861263286,
        0.0,
        0.0,
        0.0,
        0.0,
        0.0,
        0.0,
        15.847101330757141,
        5.9305004477500916,
        0.0,
        0.011897864751517773,
        0.0,
        0.0,
        0.0
      ],
      [
        6.016600519418716,
        11.251747087354797,
        6.487763692944149,
        6.958926866345902,
        6.016600519418716,
        7.581996308179296,
        2.936117823443097,
        4.812776721246452,
        1.8205799282851896,
        2.4637265658622196,
        -1.736232868744385,
        0.32554366951176006,
        -1.3021746780470402,
        -1.4106892267892484,
        0.9766309831461224,
        2.8213784535784967,
        0.6510873390235201,
        -1.6277183078991833,
        0.0,
        0.0,
        0.764505744088773,
        0.7333808570758833,
        -0.6152814220689788,
        0.46730760175187847,
        0.28190557303718333,
        0.1701577658311746,
        0.0,
        0.0,
        0.0,
        0.0,
        -0.1594496829546892,
        -0.6630126204562088,
        -0.7054340026511334,
        -1.4963357993149353,
        0.0,
        0.0,
        0.0,
        0.0,
        0.0,
        0.0,
        17.33557783573268,
        6.487763692944149,
        0.0,
        0.01314476364621786,
        0.0,
        0.0,
        0.0
      ],
      [
        2.68405594676733,
        5.017962380146432,
        2.894107518016785,
        3.1041590891718034,
        2.68405594676733,
        2.936117823443097,
        2.3099168836441395,
        2.1473600162326734,
        0.8118516540106147,
        1.098983339608676,
        -0.7745434844105832,
        0.14522690628775173,
        -0.5809076251510069,
        -0.629316590446047,
        0.43568070750764676,
        1.258633180892094,
        0.29045381257550346,
        -0.7261345137017574,
        0.0,
        0.0,
        0.3438361401675665,
        0.3298724378449622,
        -0.27663935248900157,
        0.20430868778039324,
        0.12895607349610955,
        0.0757166522192097,
        0.0,
        0.0,
        0.0,
        0.0,
        -0.07195667829509678,
        -0.2987729149089439,
        -0.31958384729391476,
        -0.670704853095047,
        0.0,
        0.0,
        0.0,
        0.0,
        0.0,
        0.0,
        7.733546647683529,
        2.894107518016785,
        0.0,
        0.005822146965759473,
        0.0,
        0.0,
        0.0
      ],
      [
        4.401351615786552,
        8.210843621332964,
        4.744205881884525,
        5.0870601504432305,
        4.401351615786552,
        4.812776721246452,
        2.1473600162326734,
        4.548538555863657,
        1.3129191403550142,
        1.7938855196190917,
        -1.2700545246056598,
        0.23813522811860627,
        -0.9525409124744251,
        -1.0319193154285935,
        0.7144056648586914,
        2.063838630857187,
        0.47627045623721254,
        -1.1906761109854163,
        0.0,
        0.0,
        0.5737955701794955,
        0.5509063693725916,
        -0.45942898742952654,
        0.33027603504216196,
        0.20192107659864134,
        0.059883753399845197,
        0.0,
        0.0,
        0.0,
        0.0,
        -0.03599074217248621,
        -0.49339641102936116,
        -0.5290213528487717,
        -1.0978877448713722,
        0.0,
        0.0,
        0.0,
        0.0,
        0.0,
        0.0,
        12.681575474656604,
        4.744205881884525,
        0.0,
        0.008075260581510979,
        0.0,
        0.0,
        0.0
      ],
      [
        1.662957951426506,
        3.122420795561471,
        1.7943096034980357,
        1.925661253946016,
        1.662957951426506,
        1.8205799282851896,
        0.8118516540106147,
        1.3129191403550142,
        1.5149489721763039,
        0.6861961360018309,
        -0.4799230605529863,
        0.08998557573992999,
        -0.35994230295971996,
        -0.3899374931890287,
        0.26995672077632715,
        0.7798749863780574,
        0.17997115147985998,
        -0.44992786810631924,
        0.0,
        0.0,
        0.20239557717002749,
        0.19389238829531008,
        -0.16437010058725252,
        0.13615882011188185,
        0.0807568724313289,
        0.08723894096011742,
        0.0,
        0.0,
        0.0,
        0.0,
        -0.09434608904267017,
        -0.17818618585916668,
        -0.1871782033313416,
        -0.41175539605085537,
        0.0,
        0.0,
        0.0,
        0.0,
        0.0,
        0.0,
        4.791466022662398,
        1.7943096034980357,
        0.0,
        0.004589829628934561,
        0.0,
        0.0,
        0.0
      ],
      [
        2.2516344860196114,
        4.2154501772513155,
        2.4283778921004426,
        2.6051212974385276,
        2.2516344860196114,
        2.4637265658622196,
        1.098983339608676,
        1.7938855196190917,
        0.6861961360018309,
        1.9242039766601013,
        -0.6497763078979115,
        0.12183306023599441,
        -0.48733224094397765,
        -0.5279432583126084,
        0.3654991714380531,
        1.0558865166252167,
        0.24366612047198882,
        -0.6091652864747581,
        0.0,
        0.0,
        0.28357775664880436,
        0.27193823654757443,
        -0.2288206518081015,
        0.1759645700020664,
        0.10817598785447025,
        0.08075748365280533,
        0.0,
        0.0,
        0.0,
        0.0,
        -0.08151512933520072,
        -0.24733385341421898,
        -0.2629092896246102,
        -0.5606646014179195,
        0.0,
        0.0,
        0.0,
        0.0,
        0.0,
        0.0,
        6.48761451651175,
        2.4283778921004426,
        0.0,
        0.005308492681414534,
        0.0,
        0.0,
        0.0
      ],
      [
        -1.5871486887335777,
        -2.9675578622589622,
        -1.7113855097072328,
        -1.8356223306774888,
        -1.5871486887335777,
        -1.736232868744385,
        -0.7745434844105832,
        -1.2700545246056598,
        -0.4799230605529863,
        -0.6497763078979115,
        1.458007652871453,
        -0.08587643666029873,
        0.34350574664119493,
        0.37213122346886174,
        -0.2576293032642649,
        -0.7442624469377235,
        -0.17175287332059747,
        0.42938217282210545,
        0.0,
        0.0,
        -0.2024325709539483,
        -0.1942102490612877,
        0.16287110765372664,
        -0.12228340639989621,
        -0.0749351960913256,
        -0.04391753353944444,
        0.0,
        0.0,
        0.0,
        0.0,
        0.041065543727619225,
        0.17561286332815212,
        0.1872487780968909,
        0.39541077439776506,
        0.0,
        0.0,
        0.0,
        0.0,
        0.0,
        0.0,
        -4.573037472236596,
        -1.7113855097072328,
        0.0,
        -0.0034369508096168677,
        0.0,
        0.0,
        0.0
      ],
      [
        0.29759038519114256,
        0.5564171104918858,
        0.32088478959752886,
        0.3441791940032779,
        0.29759038519114256,
        0.32554366951176006,
        0.14522690628775173,
        0.23813522811860627,
        0.08998557573992999,
        0.12183306023599441,
        -0.08587643666029873,
        1.0161018322013498,
        -0.06440732880540011,
        -0.06977460581976895,
        0.048305495344681676,
        0.1395492116395379,
        0.032203664402700054,
        -0.08050915904186479,
        0.0,
        0.0,
        0.03795610786712092,
        0.03641442277796009,
        -0.030538332694243178,
        0.02292813954370681,
        0.014050349746770822,
        0.008234538085880344,
        0.0,
        0.0,
        0.0,
        0.0,
        -0.0076997911543356876,
        -0.03292741371442869,
        -0.03510914508614564,
        -0.0741395207642413,
        0.0,
        0.0,
        0.0,
        0.0,
        0.0,
        0.0,
        0.8574445434865365,
        0.32088478959752886,
        0.0,
        0.0006444282768031627,
        0.0,
        0.0,
        0.0
      ],
      [
        -1.1903615407645702,
        -2.225668441967543,
        -1.2835391583901155,
        -1.3767167760131116,
        -1.1903615407645702,
        -1.3021746780470402,
        -0.5809076251510069,
        -0.9525409124744251,
        -0.35994230295971996,
        -0.48733224094397765,
        0.34350574664119493,
        -0.06440732880540011,
        1.2576293152215998,
        0.2790984232790758,
        -0.1932219813787267,
        -0.5581968465581516,
        -0.12881465761080022,
        0.32203663616745914,
        0.0,
        0.0,
        -0.15182443146848368,
        -0.14565769111184035,
        0.12215333077697271,
        -0.09171255817482724,
        -0.05620139898708329,
        -0.032938152343521376,
        0.0,
        0.0,
        0.0,
        0.0,
        0.03079916461734275,
        0.13170965485771477,
        0.14043658034458256,
        0.2965580830569652,
        0.0,
        0.0,
        0.0,
        0.0,
        0.0,
        0.0,
        -3.429778173946146,
        -1.2835391583901155,
        0.0,
        -0.002577713107212651,
        0.0,
        0.0,
        0.0
      ],
      [
        -1.2895583286881447,
        -2.411140799236066,
        -1.3905007472645088,
        -1.4914431658381107,
        -1.2895583286881447,
        -1.4106892267892484,
        -0.629316590446047,
        -1.0319193154285935,
        -0.3899374931890287,
        -0.5279432583126084,
        0.37213122346886174,
        -0.06977460581976895,
        0.2790984232790758,
        1.30235662354598,
        -0.20932381200204392,
        -0.6047132470919612,
        -0.1395492116395379,
        0.34887302058434166,
        0.0,
        0.0,
        -0.16447646322677073,
        -0.15779582914855117,
        0.13233277452815234,
        -0.09935526888793628,
        -0.060884845153405115,
        -0.03568300150351314,
        0.0,
        0.0,
        0.0,
        0.0,
        0.03336575952798959,
        0.14268545629042187,
        0.15213962697181488,
        0.32127125447835736,
        0.0,
        0.0,
        0.0,
        0.0,
        0.0,
        0.0,
        -3.715593001202169,
        -1.3905007472645088,
        0.0,
        -0.002792522577136705,
        0.0,
        0.0,
        0.0
      ],
      [
        0.8927711322903633,
        1.6692512886917252,
        0.9626543437544446,
        1.0325375552166132,
        0.8927711322903633,
        0.9766309831461224,
        0.43568070750764676,
        0.7144056648586914,
        0.26995672077632715,
        0.3654991714380531,
        -0.2576293032642649,
        0.048305495344681676,
        -0.1932219813787267,
        -0.20932381200204392,
        1.1449164822559397,
        0.41864762400408784,
        0.09661099068936335,
        -0.24152747082875248,
        0.0,
        0.0,
        0.11386831692754071,
        0.10924326188030584,
        -0.09161499776668974,
        0.06878441713924463,
        0.042151043621301953,
        0.0247036188451632,
        0.0,
        0.0,
        0.0,
        0.0,
        -0.023099369041192974,
        -0.09878223550372853,
        -0.10532743507688835,
        -0.22241855742162878,
        0.0,
        0.0,
        0.0,
        0.0,
        0.0,
        0.0,
        2.572333563374322,
        0.9626543437544446,
        0.0,
        0.0019332848747324882,
        0.0,
        0.0,
        0.0
      ],
      [
        2.5791166573762894,
        4.822281598472132,
        2.7810014945290176,
        2.9828863316762213,
        2.5791166573762894,
        2.8213784535784967,
        1.258633180892094,
        2.063838630857187,
        0.7798749863780574,
        1.0558865166252167,
        -0.7442624469377235,
        0.1395492116395379,
        -0.5581968465581516,
        -0.6047132470919612,
        0.41864762400408784,
        2.209426494183922,
        0.2790984232790758,
        -0.6977460411686833,
        0.0,
        0.0,
        0.32895292645354146,
        0.31559165829710234,
        -0.2646655490563047,
        0.19871053777587255,
        0.12176969030681023,
        0.07136600300702628,
        0.0,
        0.0,
        0.0,
        0.0,
        -0.06673151905597918,
        -0.28537091258084374,
        -0.30427925394362976,
        -0.6425425089567147,
        0.0,
        0.0,
        0.0,
        0.0,
        0.0,
        0.0,
        7.431186002404338,
        2.7810014945290176,
        0.0,
        0.00558504515427341,
        0.0,
        0.0,
        0.0
      ],
      [
        0.5951807703822851,
        1.1128342209837716,
        0.6417695791950577,
        0.6883583880065558,
        0.5951807703822851,
        0.6510873390235201,
        0.29045381257550346,
        0.47627045623721254,
        0.17997115147985998,
        0.24366612047198882,
        -0.17175287332059747,
        0.032203664402700054,
        -0.12881465761080022,
        -0.1395492116395379,
        0.09661099068936335,
        0.2790984232790758,
        1.0644073288054006,
        -0.16101831808372957,
        0.0,
        0.0,
        0.07591221573424184,
        0.07282884555592017,
        -0.061076665388486356,
        0.04585627908741362,
        0.028100699493541645,
        0.016469076171760688,
        0.0,
        0.0,
        0.0,
        0.0,
        -0.015399582308671375,
        -0.06585482742885738,
        -0.07021829017229128,
        -0.1482790415284826,
        0.0,
        0.0,
        0.0,
        0.0,
        0.0,
        0.0,
        1.714889086973073,
        0.6417695791950577,
        0.0,
        0.0012888565536063254,
        0.0,
        0.0,
        0.0
      ],
      [
        -1.4879518896341324,
        -2.782085485230092,
        -1.6044239088843657,
        -1.7208959281314131,
        -1.4879518896341324,
        -1.6277183078991833,
        -0.7261345137017574,
        -1.1906761109854163,
        -0.44992786810631924,
        -0.6091652864747581,
        0.42938217282210545,
        -0.08050915904186479,
        0.32203663616745914,
        0.34887302058434166,
        -0.24152747082875248,
        -0.6977460411686833,
        -0.16101831808372957,
        1.402545785384898,
        0.0,
        0.0,
        -0.18978053408570028,
        -0.18207210815236424,
        0.15269166437794696,
        -0.11464069317184727,
        -0.07025174735813661,
        -0.041172692597902016,
        0.0,
        0.0,
        0.0,
        0.0,
        0.03849895098310713,
        0.16463706971182585,
        0.17554570618334064,
        0.3706976021957771,
        0.0,
        0.0,
        0.0,
        0.0,
        0.0,
        0.0,
        -4.287222612779635,
        -1.6044239088843657,
        0.0,
        -0.0032221413396928134,
        0.0,
        0.0,
        0.0
      ],
      [
        0.0,
        0.0,
        0.0,
        0.0,
        0.0,
        0.0,
        0.0,
        0.0,
        0.0,
        0.0,
        0.0,
        0.0,
        0.0,
        0.0,
        0.0,
        0.0,
        0.0,
        0.0,
        1.0,
        0.0,
        0.0,
        0.0,
        0.0,
        0.0,
        0.0,
        0.0,
        0.0,
        0.0,
        0.0,
        0.0,
        0.0,
        0.0,
        0.0,
        0.0,
        0.0,
        0.0,
        0.0,
        0.0,
        0.0,
        0.0,
        0.0,
        0.0,
        0.0,
        0.0,
        0.0,
        0.0,
        0.0
      ],
      [
        0.0,
        0.0,
        0.0,
        0.0,
        0.0,
        0.0,
        0.0,
        0.0,
        0.0,
        0.0,
        0.0,
        0.0,
        0.0,
        0.0,
        0.0,
        0.0,
        0.0,
        0.0,
        0.0,
        1.0,
        0.0,
        0.0,
        0.0,
        0.0,
        0.0,
        0.0,
        0.0,
        0.0,
        0.0,
        0.0,
        0.0,
        0.0,
        0.0,
        0.0,
        0.0,
        0.0,
        0.0,
        0.0,
        0.0,
        0.0,
        0.0,
        0.0,
        0.0,
        0.0,
        0.0,
        0.0,
        0.0
      ],
      [
        0.7018025177530944,
        1.2823880419998432,
        0.7540552064578665,
        0.8063079069562753,
        0.7018025177530944,
        0.764505744088773,
        0.3438361401675665,
        0.5737955701794955,
        0.20239557717002749,
        0.28357775664880436,
        -0.2024325709539483,
        0.03795610786712092,
        -0.15182443146848368,
        -0.16447646322677073,
        0.11386831692754071,
        0.32895292645354146,
        0.07591221573424184,
        -0.18978053408570028,
        0.0,
        0.0,
        1.821891003205059,
        0.176803999352587,
        -0.14620102977652633,
        0.08976555382697748,
        0.23603743770546792,
        -0.25798617103186405,
        0.0,
        0.0,
        0.0,
        0.0,
        -0.07608376133967867,
        -0.4102398045857406,
        -0.18674738318730283,
        -0.21010355640778045,
        0.0,
        0.0,
        0.0,
        0.0,
        0.0,
        0.0,
        2.0220974284634585,
        0.7540552064578665,
        0.0,
        0.006241320924688654,
        0.0,
        0.0,
        0.0
      ],
      [
        0.6733047170273494,
        1.2295651592537722,
        0.7233681454535278,
        0.77343159488707,
        0.6733047170273494,
        0.7333808570758833,
        0.3298724378449622,
        0.5509063693725916,
        0.19389238829531008,
        0.27193823654757443,
        -0.1942102490612877,
        0.03641442277796009,
        -0.14565769111184035,
        -0.15779582914855117,
        0.10924326188030584,
        0.31559165829710234,
        0.07282884555592017,
        -0.18207210815236424,
        0.0,
        0.0,
        0.176803999352587,
        1.682088263611455,
        -0.19499505128758982,
        0.03841443281932805,
        0.09820922039428576,
        -0.08442445144017834,
        0.0,
        0.0,
        0.0,
        0.0,
        -0.11550881367317817,
        0.030674450531851416,
        -0.3916468620921788,
        -0.09697804792847081,
        0.0,
        0.0,
        0.0,
        0.0,
        0.0,
        0.0,
        1.9399869123985987,
        0.7233681454535278,
        0.0,
        -0.005395888418489314,
        0.0,
        0.0,
        0.0
      ],
      [
        -0.5646295526530594,
        -1.0336281861715801,
        -0.6068394067581778,
        -0.649049302464801,
        -0.5646295526530594,
        -0.6152814220689788,
        -0.27663935248900157,
        -0.45942898742952654,
        -0.16437010058725252,
        -0.2288206518081015,
        0.16287110765372664,
        -0.030538332694243178,
        0.12215333077697271,
        0.13233277452815234,
        -0.09161499776668974,
        -0.2646655490563047,
        -0.061076665388486356,
        0.15269166437794696,
        0.0,
        0.0,
        -0.14620102977652633,
        -0.19499505128758982,
        1.710087242566034,
        0.035075876605099365,
        -0.07032757903875801,
        0.08231172903260642,
        0.0,
        0.0,
        0.0,
        0.0,
        -0.18011333829382103,
        -0.15498517813366153,
        0.04184638551645046,
        0.17353794517862953,
        0.0,
        0.0,
        0.0,
        0.0,
        0.0,
        0.0,
        -1.6268621568351684,
        -0.6068394067581778,
        0.0,
        0.002601411728922823,
        0.0,
        0.0,
        0.0
      ],
      [
        0.4233540485147387,
        0.8303315098114803,
        0.4599820070181926,
        0.4966099851893937,
        0.4233540485147387,
        0.46730760175187847,
        0.20430868778039324,
        0.33027603504216196,
        0.13615882011188185,
        0.1759645700020664,
        -0.12228340639989621,
        0.02292813954370681,
        -0.09171255817482724,
        -0.09935526888793628,
        0.06878441713924463,
        0.19871053777587255,
        0.04585627908741362,
        -0.11464069317184727,
        0.0,
        0.0,
        0.08976555382697748,
        0.03841443281932805,
        0.035075876605099365,
        2.1056578144760794,
        -0.2971479092595343,
        -0.023581473081748794,
        0.0,
        0.0,
        0.0,
        0.0,
        -0.2700943484947955,
        -0.5155272714464803,
        0.11723727273893497,
        0.2800356742839026,
        0.0,
        0.0,
        0.0,
        0.0,
        0.0,
        0.0,
        1.2198062943923649,
        0.4599820070181926,
        0.0,
        0.0039166519029412705,
        0.0,
        0.0,
        0.0
      ],
      [
        0.2599050123244524,
        0.4636139217117059,
        0.27823880533097745,
        0.29657262981071875,
        0.2599050123244524,
        0.28190557303718333,
        0.12895607349610955,
        0.20192107659864134,
        0.0807568724313289,
        0.10817598785447025,
        -0.0749351960913256,
        0.014050349746770822,
        -0.05620139898708329,
        -0.060884845153405115,
        0.042151043621301953,
        0.12176969030681023,
        0.028100699493541645,
        -0.07025174735813661,
        0.0,
        0.0,
        0.23603743770546792,
        0.09820922039428576,
        -0.07032757903875801,
        -0.2971479092595343,
        1.4776252089753434,
        -0.12403660069232553,
        0.0,
        0.0,
        0.0,
        0.0,
        0.11909070314920328,
        -0.09467612361698297,
        -0.2468883400573078,
        -0.12703819326376978,
        0.0,
        0.0,
        0.0,
        0.0,
        0.0,
        0.0,
        0.7488620057375797,
        0.27823880533097745,
        0.0,
        -0.0032363449110228704,
        0.0,
        0.0,
        0.0
      ],
      [
        0.15179841220378876,
        0.32179238031580826,
        0.16709788592291197,
        0.1823973234019971,
        0.15179841220378876,
        0.1701577658311746,
        0.0757166522192097,
        0.059883753399845197,
        0.08723894096011742,
        0.08075748365280533,
        -0.04391753353944444,
        0.008234538085880344,
        -0.032938152343521376,
        -0.03568300150351314,
        0.0247036188451632,
        0.07136600300702628,
        0.016469076171760688,
        -0.041172692597902016,
        0.0,
        0.0,
        -0.25798617103186405,
        -0.08442445144017834,
        0.08231172903260642,
        -0.023581473081748794,
        -0.12403660069232553,
        1.6296436253987523,
        0.0,
        0.0,
        0.0,
        0.0,
        0.038994531936106025,
        -0.18307929691790784,
        0.16493264329334217,
        -0.1353120204562308,
        0.0,
        0.0,
        0.0,
        0.0,
        0.0,
        0.0,
        0.43737536764195717,
        0.16709788592291197,
        0.0,
        0.003626653604762581,
        0.0,
        0.0,
        0.0
      ],
      [
        0.0,
        0.0,
        0.0,
        0.0,
        0.0,
        0.0,
        0.0,
        0.0,
        0.0,
        0.0,
        0.0,
        0.0,
        0.0,
        0.0,
        0.0,
        0.0,
        0.0,
        0.0,
        0.0,
        0.0,
        0.0,
        0.0,
        0.0,
        0.0,
        0.0,
        0.0,
        1.0,
        0.0,
        0.0,
        0.0,
        0.0,
        0.0,
        0.0,
        0.0,
        0.0,
        0.0,
        0.0,
        0.0,
        0.0,
        0.0,
        0.0,
        0.0,
        0.0,
        0.0,
        0.0,
        0.0,
        0.0
      ],
      [
        0.0,
        0.0,
        0.0,
        0.0,
        0.0,
        0.0,
        0.0,
        0.0,
        0.0,
        0.0,
        0.0,
        0.0,
        0.0,
        0.0,
        0.0,
        0.0,
        0.0,
        0.0,
        0.0,
        0.0,
        0.0,
        0.0,
        0.0,
        0.0,
        0.0,
        0.0,
        0.0,
        1.0,
        0.0,
        0.0,
        0.0,
        0.0,
        0.0,
        0.0,
        0.0,
        0.0,
        0.0,
        0.0,
        0.0,
        0.0,
        0.0,
        0.0,
        0.0,
        0.0,
        0.0,
        0.0,
        0.0
      ],
      [
        0.0,
        0.0,
        0.0,
        0.0,
        0.0,
        0.0,
        0.0,
        0.0,
        0.0,
        0.0,
        0.0,
        0.0,
        0.0,
        0.0,
        0.0,
        0.0,
        0.0,
        0.0,
        0.0,
        0.0,
        0.0,
        0.0,
        0.0,
        0.0,
        0.0,
        0.0,
        0.0,
        0.0,
        1.0,
        0.0,
        0.0,
        0.0,
        0.0,
        0.0,
        0.0,
        0.0,
        0.0,
        0.0,
        0.0,
        0.0,
        0.0,
        0.0,
        0.0,
        0.0,
        0.0,
        0.0,
        0.0
      ],
      [
        0.0,
        0.0,
        0.0,
        0.0,
        0.0,
        0.0,
        0.0,
        0.0,
        0.0,
        0.0,
        0.0,
        0.0,
        0.0,
        0.0,
        0.0,
        0.0,
        0.0,
        0.0,
        0.0,
        0.0,
        0.0,
        0.0,
        0.0,
        0.0,
        0.0,
        0.0,
        0.0,
        0.0,
        0.0,
        1.0,
        0.0,
        0.0,
        0.0,
        0.0,
        0.0,
        0.0,
        0.0,
        0.0,
        0.0,
        0.0,
        0.0,
        0.0,
        0.0,
        0.0,
        0.0,
        0.0,
        0.0
      ],
      [
        -0.14190430752933025,
        -0.3043616094007193,
        -0.1565254529999769,
        -0.1711466229622629,
        -0.14190430752933025,
        -0.1594496829546892,
        -0.07195667829509678,
        -0.03599074217248621,
        -0.09434608904267017,
        -0.08151512933520072,
        0.041065543727619225,
        -0.0076997911543356876,
        0.03079916461734275,
        0.03336575952798959,
        -0.023099369041192974,
        -0.06673151905597918,
        -0.015399582308671375,
        0.03849895098310713,
        0.0,
        0.0,
        -0.07608376133967867,
        -0.11550881367317817,
        -0.18011333829382103,
        -0.2700943484947955,
        0.11909070314920328,
        0.038994531936106025,
        0.0,
        0.0,
        0.0,
        0.0,
        2.836915706571428,
        0.17229395686196142,
        -0.5988237710255395,
        0.20823536455929637,
        0.0,
        0.0,
        0.0,
        0.0,
        0.0,
        0.0,
        -0.4088676127337121,
        -0.1565254529999769,
        0.0,
        -0.009521292432864703,
        0.0,
        0.0,
        0.0
      ],
      [
        -0.6088446751236916,
        -1.11039981780094,
        -0.6539846327169596,
        -0.6991245839844553,
        -0.6088446751236916,
        -0.6630126204562088,
        -0.2987729149089439,
        -0.49339641102936116,
        -0.17818618585916668,
        -0.24733385341421898,
        0.17561286332815212,
        -0.03292741371442869,
        0.13170965485771477,
        0.14268545629042187,
        -0.09878223550372853,
        -0.28537091258084374,
        -0.06585482742885738,
        0.16463706971182585,
        0.0,
        0.0,
        -0.4102398045857406,
        0.030674450531851416,
        -0.15498517813366153,
        -0.5155272714464803,
        -0.09467612361698297,
        -0.18307929691790784,
        0.0,
        0.0,
        0.0,
        0.0,
        0.17229395686196142,
        2.589082720298183,
        -0.18350771053092305,
        -0.1978315407492569,
        0.0,
        0.0,
        0.0,
        0.0,
        0.0,
        0.0,
        -1.7542587730353234,
        -0.6539846327169596,
        0.0,
        -0.009341094261867133,
        0.0,
        0.0,
        0.0
      ],
      [
        -0.6493463491788134,
        -1.1686765007652091,
        -0.6960860855813497,
        -0.7428257717410015,
        -0.6493463491788134,
        -0.7054340026511334,
        -0.31958384729391476,
        -0.5290213528487717,
        -0.1871782033313416,
        -0.2629092896246102,
        0.1872487780968909,
        -0.03510914508614564,
        0.14043658034458256,
        0.15213962697181488,
        -0.10532743507688835,
        -0.30427925394362976,
        -0.07021829017229128,
        0.17554570618334064,
        0.0,
        0.0,
        -0.18674738318730283,
        -0.3916468620921788,
        0.04184638551645046,
        0.11723727273893497,
        -0.2468883400573078,
        0.16493264329334217,
        0.0,
        0.0,
        0.0,
        0.0,
        -0.5988237710255395,
        -0.18350771053092305,
        3.032668962719844,
        0.21154224678662303,
        0.0,
        0.0,
        0.0,
        0.0,
        0.0,
        0.0,
        -1.8709557882435628,
        -0.6960860855813497,
        0.0,
        0.0026880105384552433,
        0.0,
        0.0,
        0.0
      ],
      [
        -1.3705062861263286,
        -2.5355942494323442,
        -1.4753642294826488,
        -1.5802221317601912,
        -1.3705062861263286,
        -1.4963357993149353,
        -0.670704853095047,
        -1.0978877448713722,
        -0.41175539605085537,
        -0.5606646014179195,
        0.39541077439776506,
        -0.0741395207642413,
        0.2965580830569652,
        0.32127125447835736,
        -0.22241855742162878,
        -0.6425425089567147,
        -0.1482790415284826,
        0.3706976021957771,
        0.0,
        0.0,
        -0.21010355640778045,
        -0.09697804792847081,
        0.17353794517862953,
        0.2800356742839026,
        -0.12703819326376978,
        -0.1353120204562308,
        0.0,
        0.0,
        0.0,
        0.0,
        0.20823536455929637,
        -0.1978315407492569,
        0.21154224678662303,
        2.8424675526430123,
        0.0,
        0.0,
        0.0,
        0.0,
        0.0,
        0.0,
        -3.9488276042979535,
        -1.4753642294826488,
        0.0,
        -0.0015919238429577126,
        0.0,
        0.0,
        0.0
      ],
      [
        0.0,
        0.0,
        0.0,
        0.0,
        0.0,
        0.0,
        0.0,
        0.0,
        0.0,
        0.0,
        0.0,
        0.0,
        0.0,
        0.0,
        0.0,
        0.0,
        0.0,
        0.0,
        0.0,
        0.0,
        0.0,
        0.0,
        0.0,
        0.0,
        0.0,
        0.0,
        0.0,
        0.0,
        0.0,
        0.0,
        0.0,
        0.0,
        0.0,
        0.0,
        1.0,
        0.0,
        0.0,
        0.0,
        0.0,
        0.0,
        0.0,
        0.0,
        0.0,
        0.0,
        0.0,
        0.0,
        0.0
      ],
      [
        0.0,
        0.0,
        0.0,
        0.0,
        0.0,
        0.0,
        0.0,
        0.0,
        0.0,
        0.0,
        0.0,
        0.0,
        0.0,
        0.0,
        0.0,
        0.0,
        0.0,
        0.0,
        0.0,
        0.0,
        0.0,
        0.0,
        0.0,
        0.0,
        0.0,
        0.0,
        0.0,
        0.0,
        0.0,
        0.0,
        0.0,
        0.0,
        0.0,
        0.0,
        0.0,
        1.0,
        0.0,
        0.0,
        0.0,
        0.0,
        0.0,
        0.0,
        0.0,
        0.0,
        0.0,
        0.0,
        0.0
      ],
      [
        0.0,
        0.0,
        0.0,
        0.0,
        0.0,
        0.0,
        0.0,
        0.0,
        0.0,
        0.0,
        0.0,
        0.0,
        0.0,
        0.0,
        0.0,
        0.0,
        0.0,
        0.0,
        0.0,
        0.0,
        0.0,
        0.0,
        0.0,
        0.0,
        0.0,
        0.0,
        0.0,
        0.0,
        0.0,
        0.0,
        0.0,
        0.0,
        0.0,
        0.0,
        0.0,
        0.0,
        1.0,
        0.0,
        0.0,
        0.0,
        0.0,
        0.0,
        0.0,
        0.0,
        0.0,
        0.0,
        0.0
      ],
      [
        0.0,
        0.0,
        0.0,
        0.0,
        0.0,
        0.0,
        0.0,
        0.0,
        0.0,
        0.0,
        0.0,
        0.0,
        0.0,
        0.0,
        0.0,
        0.0,
        0.0,
        0.0,
        0.0,
        0.0,
        0.0,
        0.0,
        0.0,
        0.0,
        0.0,
        0.0,
        0.0,
        0.0,
        0.0,
        0.0,
        0.0,
        0.0,
        0.0,
        0.0,
        0.0,
        0.0,
        0.0,
        1.0,
        0.0,
        0.0,
        0.0,
        0.0,
        0.0,
        0.0,
        0.0,
        0.0,
        0.0
      ],
      [
        0.0,
        0.0,
        0.0,
        0.0,
        0.0,
        0.0,
        0.0,
        0.0,
        0.0,
        0.0,
        0.0,
        0.0,
        0.0,
        0.0,
        0.0,
        0.0,
        0.0,
        0.0,
        0.0,
        0.0,
        0.0,
        0.0,
        0.0,
        0.0,
        0.0,
        0.0,
        0.0,
        0.0,
        0.0,
        0.0,
        0.0,
        0.0,
        0.0,
        0.0,
        0.0,
        0.0,
        0.0,
        0.0,
        1.0,
        0.0,
        0.0,
        0.0,
        0.0,
        0.0,
        0.0,
        0.0,
        0.0
      ],
      [
        0.0,
        0.0,
        0.0,
        0.0,
        0.0,
        0.0,
        0.0,
        0.0,
        0.0,
        0.0,
        0.0,
        0.0,
        0.0,
        0.0,
        0.0,
        0.0,
        0.0,
        0.0,
        0.0,
        0.0,
        0.0,
        0.0,
        0.0,
        0.0,
        0.0,
        0.0,
        0.0,
        0.0,
        0.0,
        0.0,
        0.0,
        0.0,
        0.0,
        0.0,
        0.0,
        0.0,
        0.0,
        0.0,
        0.0,
        1.0,
        0.0,
        0.0,
        0.0,
        0.0,
        0.0,
        0.0,
        0.0
      ],
      [
        15.847101330757141,
        29.629292183907694,
        17.087498461171336,
        18.327895591585538,
        15.847101330757141,
        17.33557783573268,
        7.733546647683529,
        12.681575474656604,
        4.791466022662398,
        6.48761451651175,
        -4.573037472236596,
        0.8574445434865365,
        -3.429778173946146,
        -3.715593001202169,
        2.572333563374322,
        7.431186002404338,
        1.714889086973073,
        -4.287222612779635,
        0.0,
        0.0,
        2.0220974284634585,
        1.9399869123985987,
        -1.6268621568351684,
        1.2198062943923649,
        0.7488620057375797,
        0.43737536764195717,
        0.0,
        0.0,
        0.0,
        0.0,
        -0.4088676127337121,
        -1.7542587730353234,
        -1.8709557882435628,
        -3.9488276042979535,
        0.0,
        0.0,
        0.0,
        0.0,
        0.0,
        0.0,
        46.6601128340518,
        17.087498461171336,
        0.0,
        0.03428121242489923,
        0.0,
        0.0,
        0.0
      ],
      [
        5.9305004477500916,
        11.09034568114554,
        6.394886501416131,
        6.859272554979096,
