{
  "A": [
    [
      [
        7.75,
        12.446768760681152,
        7.26270917057991,
        7.775418341159821,
        6.75,
        7.36525097489357,
        3.3054881542921066,
        5.4270103722810745,
        2.0121598318219185,
        2.755341626703739,
        -1.9473490342497826,
        0.3651279518380761,
        -1.4605118073523045,
        -1.5822211131453514,
        1.0953838229179382,
        3.164442226290703,
        0.7302559036761522,
        -1.8256397098302841,
        0.0,
        0.0,
        0.6528056897004717,
        0.4185458537831437,
        -0.9287144669797271,
        0.34320377954281867,
        0.39079180266708136,
        0.24680248647928238,
        0.0,
        0.0,
        0.0,
        0.0,
        -0.3578276317566633,
        -0.829146035015583,
        -0.626788062392734,
        -1.6526617421477567,
        0.0,
        0.0,
        0.0,
        0.0,
        0.0,
        0.0,
        19.448715269565582,
        7.26270917057991,
        0.0,
        0.011897864751517773,
        0.0,
        0.0,
        0.0
      ],
      [
        12.446768760681152,
        23.994554010584565,
        13.396069400062554,
        14.345370038290572,
        12.446768760681152,
        13.585929474969628,
        6.0934905694706485,
        9.986025909881674,
        3.726791138647526,
        5.0872298775906595,
        -3.59097289604917,
        0.6733074325535952,
        -2.6932297302143806,
        -2.9176655207191837,
        2.019922238781744,
        5.8353310414383674,
        1.3466148651071903,
        -3.36653707307683,
        0.0,
        0.0,
        1.1963809374928356,
        0.7913444265886782,
        -1.661609067054059,
        0.691495464028657,
        0.6905517180566837,
        0.4857115332165678,
        0.0,
        0.0,
        0.0,
        0.0,
        -0.6739229795889843,
        -1.498729232767194,
        -1.1299179670388877,
        -3.027242618448316,
        0.0,
        0.0,
        0.0,
        0.0,
        0.0,
        0.0,
        35.8627646869446,
        13.396069400062554,
        0.0,
        0.023443226200903777,
        0.0,
        0.0,
        0.0
      ],
      [
        7.26270917057991,
        13.396069400062554,
        8.814711571981395,
        8.366713973279062,
        7.26270917057991,
        7.925112020374343,
        3.5564083630218812,
        5.83732175477817,
        2.166476645041876,
        2.965211562438376,
        -2.095275176652608,
        0.39286410413513784,
        -1.5714564165405513,
        -1.7024111056352118,
        1.1785922774436761,
        3.4048222112704236,
        0.7857282082702757,
        -1.9643204676857984,
        0.0,
        0.0,
        0.7017274572100601,
        0.45209772253434044,
        -0.9946749694615461,
        0.3745500296847244,
        0.4177701821916874,
        0.2683043305782915,
        0.0,
        0.0,
        0.0,
        0.0,
        -0.38627621061971373,
        -0.8894085175956907,
        -0.6720697535847368,
        -1.7763740362421563,
        0.0,
        0.0,
        0.0,
        0.0,
        0.0,
        0.0,
        20.92597966560819,
        7.814711571981395,
        0.0,
        0.012936947636546514,
        0.0,
        0.0,
        0.0
      ],
      [
        7.775418341159821,
        14.345370038290572,
        8.366713973279062,
        9.958009605190703,
        7.775418341159821,
        8.48497306573055,
        3.8073285716575143,
        6.247633139737102,
        2.3207934566372277,
        3.1750814974299217,
        -2.243201319052009,
        0.42060025643155763,
        -1.6824010257262305,
        -1.8226010981222895,
        1.2618007319674875,
        3.645202196244579,
        0.8412005128631153,
        -2.1030012255381028,
        0.0,
        0.0,
        0.7506492265308605,
        0.48564958823415494,
        -1.0606354937655813,
        0.4058962754745805,
        0.4447486055632296,
        0.28980609984998607,
        0.0,
        0.0,
        0.0,
        0.0,
        -0.41472479590427147,
        -0.9496709670500878,
        -0.7173514503036741,
        -1.9000863276274078,
        0.0,
        0.0,
        0.0,
        0.0,
        0.0,
        0.0,
        22.403244061650803,
        8.366713973279062,
        0.0,
        0.013976029103239251,
        0.0,
        0.0,
        0.0
      ],
      [
        6.75,
        12.446768760681152,
        7.26270917057991,
        7.775418341159821,
        7.75,
        7.36525097489357,
        3.3054881542921066,
        5.4270103722810745,
        2.0121598318219185,
        2.755341626703739,
        -1.9473490342497826,
        0.3651279518380761,
        -1.4605118073523045,
        -1.5822211131453514,
        1.0953838229179382,
        3.164442226290703,
        0.7302559036761522,
        -1.8256397098302841,
        0.0,
        0.0,
        0.6528056897004717,
        0.4185458537831437,
        -0.9287144669797271,
        0.34320377954281867,
        0.39079180266708136,
        0.24680248647928238,
        0.0,
        0.0,
        0.0,
        0.0,
        -0.3578276317566633,
        -0.829146035015583,
        -0.626788062392734,
        -1.6526617421477567,
        0.0,
        0.0,
        0.0,
        0.0,
        0.0,
        0.0,
        19.448715269565582,
        7.26270917057991,
        0.0,
        0.011897864751517773,
        0.0,
        0.0,
        0.0
      ],
      [
        7.36525097489357,
        13.585929474969628,
        7.925112020374343,
        8.48497306573055,
        7.36525097489357,
        9.037084197166156,
        3.6065923899930956,
        5.919384007699721,
        2.1973399987097526,
        3.0071855373093808,
        -2.124860396541206,
        0.39841133298355635,
        -1.5936453319342254,
        -1.7264490971522104,
        1.1952339635158422,
        3.452898194304421,
        0.7968226659671127,
        -1.9920566112019333,
        0.0,
        0.0,
        0.7115118047434568,
        0.4588081193637785,
        -1.0078670990609893,
        0.3808192753059121,
        0.42316587141857354,
        0.2726046584906574,
        0.0,
        0.0,
        0.0,
        0.0,
        -0.39196590711543466,
        -0.9014610115658654,
        -0.6811260875350844,
        -1.801116502333863,
        0.0,
        0.0,
        0.0,
        0.0,
        0.0,
        0.0,
        21.221432458947547,
        7.925112020374343,
        0.0,
        0.01314476364621786,
        0.0,
        0.0,
        0.0
      ],
      [
        3.3054881542921066,
        6.0934905694706485,
        3.5564083630218812,
        3.8073285716575143,
        3.3054881542921066,
        3.6065923899930956,
        2.618860436544564,
        2.6572590871818345,
        0.985456741049469,
        1.349400036359599,
        -0.9536155254839498,
        0.17880291491478717,
        -0.7152116596591487,
        -0.7748126256623115,
        0.5364087287564219,
        1.549625251324623,
        0.35760582982957434,
        -0.8940145503448034,
        0.0,
        0.0,
        0.31959458663588936,
        0.2029595787150294,
        -0.4578518130013122,
        0.16447415432906753,
        0.19398619571982031,
        0.12299859046691891,
        0.0,
        0.0,
        0.0,
        0.0,
        -0.17970394964379788,
        -0.40761430135526155,
        -0.30833971737667243,
        -0.8106552533056155,
        0.0,
        0.0,
        0.0,
        0.0,
        0.0,
        0.0,
        9.524073768200116,
        3.5564083630218812,
        0.0,
        0.005822146965759473,
        0.0,
        0.0,
        0.0
      ],
      [
        5.4270103722810745,
        9.986025909881674,
        5.83732175477817,
        6.247633139737102,
        5.4270103722810745,
        5.919384007699721,
        2.6572590871818345,
        5.390126191144378,
        1.5994466362497675,
        2.2071888182617223,
        -1.5656087223452633,
        0.29355164172370923,
        -1.174206566894837,
        -1.2720571041679711,
        0.8806548980378919,
        2.5441142083359423,
        0.5871032834474185,
        -1.4677581683370162,
        0.0,
        0.0,
        0.5333055369766319,
        0.3425030177868582,
        -0.7576579019088276,
        0.2644796910901158,
        0.30941547789735213,
        0.13770531920515727,
        0.0,
        0.0,
        0.0,
        0.0,
        -0.21217765531159138,
        -0.6758176123096422,
        -0.5105903681448245,
        -1.330196829852964,
        0.0,
        0.0,
        0.0,
        0.0,
        0.0,
        0.0,
        15.636796973737887,
        5.83732175477817,
        0.0,
        0.008075260581510979,
        0.0,
        0.0,
        0.0
      ],
      [
        2.0121598318219185,
        3.726791138647526,
        2.166476645041876,
        2.3207934566372277,
        2.0121598318219185,
        2.1973399987097526,
        0.985456741049469,
        1.5994466362497675,
        1.6125031577036768,
        0.8269131241674361,
        -0.5805491448576288,
        0.10885296706721992,
        -0.4354118682688797,
        -0.47169618772145716,
        0.32655889215473644,
        0.9433923754429143,
        0.21770593413443984,
        -0.5442648210929877,
        0.0,
        0.0,
        0.1887941934990311,
        0.12253391681407627,
        -0.26623584257192545,
        0.11377797365671294,
        0.11729160716953071,
        0.1138218033166486,
        0.0,
        0.0,
        0.0,
        0.0,
        -0.15496288693256655,
        -0.23923415882148658,
        -0.18084991142287143,
        -0.4903383347466044,
        0.0,
        0.0,
        0.0,
        0.0,
        0.0,
        0.0,
        5.797618310574586,
        2.166476645041876,
        0.0,
        0.004589829628934561,
        0.0,
        0.0,
        0.0
      ],
      [
        2.755341626703739,
        5.0872298775906595,
        2.965211562438376,
        3.1750814974299217,
        2.755341626703739,
        3.0071855373093808,
        1.349400036359599,
        2.2071888182617223,
        0.8269131241674361,
        2.127181268463082,
        -0.7949246715188534,
        0.14904837916533528,
        -0.5961935166613411,
        -0.6458763052501938,
        0.44714512447152444,
        1.2917526105003876,
        0.29809675833067056,
        -0.7452418758602579,
        0.0,
        0.0,
        0.2639170726791045,
        0.16909519895704767,
        -0.3756833623771618,
        0.1436757613743193,
        0.16089030705744448,
        0.11907926674283997,
        0.0,
        0.0,
        0.0,
        0.0,
        -0.16881079394236925,
        -0.33562601387309987,
        -0.25379611548015074,
        -0.6741330846087569,
        0.0,
        0.0,
        0.0,
        0.0,
        0.0,
        0.0,
        7.938941443683989,
        2.965211562438376,
        0.0,
        0.005308492681414534,
        0.0,
        0.0,
        0.0
      ],
      [
        -1.9473490342497826,
        -3.59097289604917,
        -2.095275176652608,
        -2.243201319052009,
        -1.9473490342497826,
        -2.124860396541206,
        -0.9536155254839498,
        -1.5656087223452633,
        -0.5805491448576288,
        -0.7949246715188534,
        1.5618030850912403,
        -0.10533808073825596,
        0.42135232295302383,
        0.45646501322115995,
        -0.31601423281450514,
        -0.9129300264423199,
        -0.21067616147651191,
        0.5266903894550192,
        0.0,
        0.0,
        -0.18831005519650312,
        -0.12080687927859585,
        0.2677795234930472,
        -0.09918693981760984,
        -0.11265277390534006,
        -0.07129243175617123,
        0.0,
        0.0,
        0.0,
        0.0,
        0.10327377423617329,
        0.2391158536559041,
        0.18074921175674874,
        0.4767265788007551,
        0.0,
        0.0,
        0.0,
        0.0,
        0.0,
        0.0,
        -5.61087954037642,
        -2.095275176652608,
        0.0,
        -0.0034369508096168677,
        0.0,
        0.0,
        0.0
      ],
      [
        0.3651279518380761,
        0.6733074325535952,
        0.39286410413513784,
        0.42060025643155763,
        0.3651279518380761,
        0.39841133298355635,
        0.17880291491478717,
        0.29355164172370923,
        0.10885296706721992,
        0.14904837916533528,
        -0.10533808073825596,
        1.0197508905666068,
        -0.07900356226642836,
        -0.08558719183443189,
        0.05925266993727196,
        0.17117438366886378,
        0.03950178113321418,
        -0.09875445016373652,
        0.0,
        0.0,
        0.03530813602358258,
        0.022651290277654293,
        -0.05020866084216309,
        0.018597551675902345,
        0.021122395837879504,
        0.013367330880368844,
        0.0,
        0.0,
        0.0,
        0.0,
        -0.019363834315185145,
        -0.04483422484920613,
        -0.03389047714490172,
        -0.08938623501258632,
        0.0,
        0.0,
        0.0,
        0.0,
        0.0,
        0.0,
        1.0520399366295765,
        0.39286410413513784,
        0.0,
        0.0006444282768031627,
        0.0,
        0.0,
        0.0
      ],
      [
        -1.4605118073523045,
        -2.6932297302143806,
        -1.5714564165405513,
        -1.6824010257262305,
        -1.4605118073523045,
        -1.5936453319342254,
        -0.7152116596591487,
        -1.174206566894837,
        -0.4354118682688797,
        -0.5961935166613411,
        0.42135232295302383,
        -0.07900356226642836,
        1.3160142490657127,
        0.34234876733772757,
        -0.23701067974908785,
        -0.6846975346754551,
        -0.15800712453285673,
        0.39501780065494607,
        0.0,
        0.0,
        -0.1412325440943303,
        -0.09060516111061717,
        0.20083464336865237,
        -0.07439020670360938,
        -0.08448958335151802,
        -0.053469323521475376,
        0.0,
        0.0,
        0.0,
        0.0,
        0.07745533726074058,
        0.1793368993968245,
        0.13556190857960687,
        0.35754494005034526,
        0.0,
        0.0,
        0.0,
        0.0,
        0.0,
        0.0,
        -4.208159746518306,
        -1.5714564165405513,
        0.0,
        -0.002577713107212651,
        0.0,
        0.0,
        0.0
      ],
      [
        -1.5822211131453514,
        -2.9176655207191837,
        -1.7024111056352118,
        -1.8226010981222895,
        -1.5822211131453514,
        -1.7264490971522104,
        -0.7748126256623115,
        -1.2720571041679711,
        -0.47169618772145716,
        -0.6458763052501938,
        0.45646501322115995,
        -0.08558719183443189,
        0.34234876733772757,
        1.3708778285921206,
        -0.2567615678655822,
        -0.7417556571842425,
        -0.17117438366886378,
        0.4279359476051976,
        0.0,
        0.0,
        -0.1530019180497566,
        -0.09815559118411427,
        0.21757086094516326,
        -0.08058938841167901,
        -0.09153037801251401,
        -0.05792510458315439,
        0.0,
        0.0,
        0.0,
        0.0,
        0.08390994394921625,
        0.1942816410993624,
        0.1468587318022893,
        0.38734034945578755,
        0.0,
        0.0,
        0.0,
        0.0,
        0.0,
        0.0,
        -4.558839692299422,
        -1.7024111056352118,
        0.0,
        -0.002792522577136705,
        0.0,
        0.0,
        0.0
      ],
      [
        1.0953838229179382,
        2.019922238781744,
        1.1785922774436761,
        1.2618007319674875,
        1.0953838229179382,
        1.1952339635158422,
        0.5364087287564219,
        0.8806548980378919,
        0.32655889215473644,
        0.44714512447152444,
        -0.31601423281450514,
        0.05925266993727196,
        -0.23701067974908785,
        -0.2567615678655822,
        1.1777580045241678,
        0.5135231357311644,
        0.11850533987454392,
        -0.29626334167846324,
        0.0,
        0.0,
        0.10592440175583258,
        0.06795386606558562,
        -0.1506259780048978,
        0.055792653485245286,
        0.06336718070244214,
        0.04010199478412052,
        0.0,
        0.0,
        0.0,
        0.0,
        -0.05809149544103348,
        -0.1345026699811057,
        -0.10167143312821747,
        -0.26815869863035285,
        0.0,
        0.0,
        0.0,
        0.0,
        0.0,
        0.0,
        3.156119715969327,
        1.1785922774436761,
        0.0,
        0.0019332848747324882,
        0.0,
        0.0,
        0.0
      ],
      [
        3.164442226290703,
        5.8353310414383674,
        3.4048222112704236,
        3.645202196244579,
        3.164442226290703,
        3.452898194304421,
        1.549625251324623,
        2.5441142083359423,
        0.9433923754429143,
        1.2917526105003876,
        -0.9129300264423199,
        0.17117438366886378,
        -0.6846975346754551,
        -0.7417556571842425,
        0.5135231357311644,
        2.483511314368484,
        0.34234876733772757,
        -0.8558718952103952,
        0.0,
        0.0,
        0.3060038360995132,
        0.19631118236822853,
        -0.4351417218903265,
        0.16117877682335802,
        0.18306075602502803,
        0.11585020916630878,
        0.0,
        0.0,
        0.0,
        0.0,
        -0.1678198878984325,
        -0.3885632821987248,
        -0.2937174636045786,
        -0.7746806989115751,
        0.0,
        0.0,
        0.0,
        0.0,
        0.0,
        0.0,
        9.117679384598844,
        3.4048222112704236,
        0.0,
        0.00558504515427341,
        0.0,
        0.0,
        0.0
      ],
      [
        0.7302559036761522,
        1.3466148651071903,
        0.7857282082702757,
        0.8412005128631153,
        0.7302559036761522,
        0.7968226659671127,
        0.35760582982957434,
        0.5871032834474185,
        0.21770593413443984,
        0.29809675833067056,
        -0.21067616147651191,
        0.03950178113321418,
        -0.15800712453285673,
        -0.17117438366886378,
        0.11850533987454392,
        0.34234876733772757,
        1.0790035622664287,
        -0.19750890032747304,
        0.0,
        0.0,
        0.07061627204716515,
        0.045302580555308586,
        -0.10041732168432618,
        0.03719510335180469,
        0.04224479167575901,
        0.026734661760737688,
        0.0,
        0.0,
        0.0,
        0.0,
        -0.03872766863037029,
        -0.08966844969841226,
        -0.06778095428980344,
        -0.17877247002517263,
        0.0,
        0.0,
        0.0,
        0.0,
        0.0,
        0.0,
        2.104079873259153,
        0.7857282082702757,
        0.0,
        0.0012888565536063254,
        0.0,
        0.0,
        0.0
      ],
      [
        -1.8256397098302841,
        -3.36653707307683,
        -1.9643204676857984,
        -2.1030012255381028,
        -1.8256397098302841,
        -1.9920566112019333,
        -0.8940145503448034,
        -1.4677581683370162,
        -0.5442648210929877,
        -0.7452418758602579,
        0.5266903894550192,
        -0.09875445016373652,
        0.39501780065494607,
        0.4279359476051976,
        -0.29626334167846324,
        -0.8558718952103952,
        -0.19750890032747304,
        1.493772237472189,
        0.0,
        0.0,
        -0.17654067470397486,
        -0.11325645174873922,
        0.2510433004074661,
        -0.09298775544552734,
        -0.10561197638643108,
        -0.0668366577593279,
        0.0,
        0.0,
        0.0,
        0.0,
        0.09681916208888414,
        0.22417112987209392,
        0.16945236424404964,
        0.4469311711461521,
        0.0,
        0.0,
        0.0,
        0.0,
        0.0,
        0.0,
        -5.260199540927074,
        -1.9643204676857984,
        0.0,
        -0.0032221413396928134,
        0.0,
        0.0,
        0.0
      ],
      [
        0.0,
        0.0,
        0.0,
        0.0,
        0.0,
        0.0,
        0.0,
        0.0,
        0.0,
        0.0,
        0.0,
        0.0,
        0.0,
        0.0,
        0.0,
        0.0,
        0.0,
        0.0,
        1.0,
        0.0,
        0.0,
        0.0,
        0.0,
        0.0,
        0.0,
        0.0,
        0.0,
        0.0,
        0.0,
        0.0,
        0.0,
        0.0,
        0.0,
        0.0,
        0.0,
        0.0,
        0.0,
        0.0,
        0.0,
        0.0,
        0.0,
        0.0,
        0.0,
        0.0,
        0.0,
        0.0,
        0.0
      ],
      [
        0.0,
        0.0,
        0.0,
        0.0,
        0.0,
        0.0,
        0.0,
        0.0,
        0.0,
        0.0,
        0.0,
        0.0,
        0.0,
        0.0,
        0.0,
        0.0,
        0.0,
        0.0,
        0.0,
        1.0,
        0.0,
        0.0,
        0.0,
        0.0,
        0.0,
        0.0,
        0.0,
        0.0,
        0.0,
        0.0,
        0.0,
        0.0,
        0.0,
        0.0,
        0.0,
        0.0,
        0.0,
        0.0,
        0.0,
        0.0,
        0.0,
        0.0,
        0.0,
        0.0,
        0.0,
        0.0,
        0.0
      ],
      [
        0.6528056897004717,
        1.1963809374928356,
        0.7017274572100601,
        0.7506492265308605,
        0.6528056897004717,
        0.7115118047434568,
        0.31959458663588936,
        0.5333055369766319,
        0.1887941934990311,
        0.2639170726791045,
        -0.18831005519650312,
        0.03530813602358258,
        -0.1412325440943303,
        -0.1530019180497566,
        0.10592440175583258,
        0.3060038360995132,
        0.07061627204716515,
        -0.17654067470397486,
        0.0,
        0.0,
        1.8555005329408587,
        0.16735071787147354,
        -0.1493012443508559,
        0.11223716385661173,
        0.20145377068615042,
        -0.27811470554976947,
        0.0,
        0.0,
        0.0,
        0.0,
        -0.1057850392667431,
        -0.40520306652256993,
        -0.16736323157916186,
        -0.13369191487622528,
        0.0,
        0.0,
        0.0,
        0.0,
        0.0,
        0.0,
        1.8809233013660773,
        0.7017274572100601,
        0.0,
        0.006241320924688654,
        0.0,
        0.0,
        0.0
      ],
      [
        0.4185458537831437,
        0.7913444265886782,
        0.45209772253434044,
        0.48564958823415494,
        0.4185458537831437,
        0.4588081193637785,
        0.2029595787150294,
        0.3425030177868582,
        0.12253391681407627,
        0.16909519895704767,
        -0.12080687927859585,
        0.022651290277654293,
        -0.09060516111061717,
        -0.09815559118411427,
        0.06795386606558562,
        0.19631118236822853,
        0.045302580555308586,
        -0.11325645174873922,
        0.0,
        0.0,
        0.16735071787147354,
        1.8427652394279892,
        -0.13013422298801075,
        0.10209398201593403,
        0.07238246000203824,
        -0.02707767881558258,
        0.0,
        0.0,
        0.0,
        0.0,
        -0.021901092716625464,
        -0.0728082342892481,
        -0.2869474502293055,
        -0.06964474864603737,
        0.0,
        0.0,
        0.0,
        0.0,
        0.0,
        0.0,
        1.2059524540823388,
        0.45209772253434044,
        0.0,
        -0.005395888418489314,
        0.0,
        0.0,
        0.0
      ],
      [
        -0.9287144669797271,
        -1.661609067054059,
        -0.9946749694615461,
        -1.0606354937655813,
        -0.9287144669797271,
        -1.0078670990609893,
        -0.4578518130013122,
        -0.7576579019088276,
        -0.26623584257192545,
        -0.3756833623771618,
        0.2677795234930472,
        -0.05020866084216309,
        0.20083464336865237,
        0.21757086094516326,
        -0.1506259780048978,
        -0.4351417218903265,
        -0.10041732168432618,
        0.2510433004074661,
        0.0,
        0.0,
        -0.1493012443508559,
        -0.13013422298801075,
        1.9477612263531334,
        -0.02476660862711122,
        -0.10560721508346281,
        -0.002824515888436907,
        0.0,
        0.0,
        0.0,
        0.0,
        -0.008409481589605527,
        -0.2836206331092175,
        -0.09902089436931441,
        0.23875190508604754,
        0.0,
        0.0,
        0.0,
        0.0,
        0.0,
        0.0,
        -2.6758967987142115,
        -0.9946749694615461,
        0.0,
        0.002601411728922823,
        0.0,
        0.0,
        0.0
      ],
      [
        0.34320377954281867,
        0.691495464028657,
        0.3745500296847244,
        0.4058962754745805,
        0.34320377954281867,
        0.3808192753059121,
        0.16447415432906753,
        0.2644796910901158,
        0.11377797365671294,
        0.1436757613743193,
        -0.09918693981760984,
        0.018597551675902345,
        -0.07439020670360938,
        -0.08058938841167901,
        0.055792653485245286,
        0.16117877682335802,
        0.03719510335180469,
        -0.09298775544552734,
        0.0,
        0.0,
        0.11223716385661173,
        0.10209398201593403,
        -0.02476660862711122,
        2.2092550851033943,
        -0.33011231524057155,
        -0.05350726027178393,
        0.0,
        0.0,
        0.0,
        0.0,
        -0.2783219752149386,
        -0.5045632336509576,
        0.2328340907653989,
        0.2655116162097005,
        0.0,
        0.0,
        0.0,
        0.0,
        0.0,
        0.0,
        0.9888700336495546,
        0.3745500296847244,
        0.0,
        0.0039166519029412705,
        0.0,
        0.0,
        0.0
      ],
      [
        0.39079180266708136,
        0.6905517180566837,
        0.4177701821916874,
        0.4447486055632296,
        0.39079180266708136,
        0.42316587141857354,
        0.19398619571982031,
        0.30941547789735213,
        0.11729160716953071,
        0.16089030705744448,
        -0.11265277390534006,
        0.021122395837879504,
        -0.08448958335151802,
        -0.09153037801251401,
        0.06336718070244214,
        0.18306075602502803,
        0.04224479167575901,
        -0.10561197638643108,
        0.0,
        0.0,
        0.20145377068615042,
        0.07238246000203824,
        -0.10560721508346281,
        -0.33011231524057155,
        1.525306513800354,
        -0.08357754229447012,
        0.0,
        0.0,
        0.0,
        0.0,
        0.10605318483529963,
        -0.049465008562724844,
        -0.26621750874739153,
        -0.20577710269850596,
        0.0,
        0.0,
        0.0,
        0.0,
        0.0,
        0.0,
        1.125984956540708,
        0.4177701821916874,
        0.0,
        -0.0032363449110228704,
        0.0,
        0.0,
        0.0
      ],
      [
        0.24680248647928238,
        0.4857115332165678,
        0.2683043305782915,
        0.28980609984998607,
        0.24680248647928238,
        0.2726046584906574,
        0.12299859046691891,
        0.13770531920515727,
        0.1138218033166486,
        0.11907926674283997,
        -0.07129243175617123,
        0.013367330880368844,
        -0.053469323521475376,
        -0.05792510458315439,
        0.04010199478412052,
        0.11585020916630878,
        0.026734661760737688,
        -0.0668366577593279,
        0.0,
        0.0,
        -0.27811470554976947,
        -0.02707767881558258,
        -0.002824515888436907,
        -0.05350726027178393,
        -0.08357754229447012,
        2.054225601082237,
        0.0,
        0.0,
        0.0,
        0.0,
        -0.1184225142597648,
        -0.09883833477361526,
        0.3666331753915701,
        0.08937201202876688,
        0.0,
        0.0,
        0.0,
        0.0,
        0.0,
        0.0,
        0.7111097661653254,
        0.2683043305782915,
        0.0,
        0.003626653604762581,
        0.0,
        0.0,
        0.0
      ],
      [
        0.0,
        0.0,
        0.0,
        0.0,
        0.0,
        0.0,
        0.0,
        0.0,
        0.0,
        0.0,
        0.0,
        0.0,
        0.0,
        0.0,
        0.0,
        0.0,
        0.0,
        0.0,
        0.0,
        0.0,
        0.0,
        0.0,
        0.0,
        0.0,
        0.0,
        0.0,
        1.0,
        0.0,
        0.0,
        0.0,
        0.0,
        0.0,
        0.0,
        0.0,
        0.0,
        0.0,
        0.0,
        0.0,
        0.0,
        0.0,
        0.0,
        0.0,
        0.0,
        0.0,
        0.0,
        0.0,
        0.0
      ],
      [
        0.0,
        0.0,
        0.0,
        0.0,
        0.0,
        0.0,
        0.0,
        0.0,
        0.0,
        0.0,
        0.0,
        0.0,
        0.0,
        0.0,
        0.0,
        0.0,
        0.0,
        0.0,
        0.0,
        0.0,
        0.0,
        0.0,
        0.0,
        0.0,
        0.0,
        0.0,
        0.0,
        1.0,
        0.0,
        0.0,
        0.0,
        0.0,
        0.0,
        0.0,
        0.0,
        0.0,
        0.0,
        0.0,
        0.0,
        0.0,
        0.0,
        0.0,
        0.0,
        0.0,
        0.0,
        0.0,
        0.0
      ],
      [
        0.0,
        0.0,
        0.0,
        0.0,
        0.0,
        0.0,
        0.0,
        0.0,
        0.0,
        0.0,
        0.0,
        0.0,
        0.0,
        0.0,
        0.0,
        0.0,
        0.0,
        0.0,
        0.0,
        0.0,
        0.0,
        0.0,
        0.0,
        0.0,
        0.0,
        0.0,
        0.0,
        0.0,
        1.0,
        0.0,
        0.0,
        0.0,
        0.0,
        0.0,
        0.0,
        0.0,
        0.0,
        0.0,
        0.0,
        0.0,
        0.0,
        0.0,
        0.0,
        0.0,
        0.0,
        0.0,
        0.0
      ],
      [
        0.0,
        0.0,
        0.0,
        0.0,
        0.0,
        0.0,
        0.0,
        0.0,
        0.0,
        0.0,
        0.0,
        0.0,
        0.0,
        0.0,
        0.0,
        0.0,
        0.0,
        0.0,
        0.0,
        0.0,
        0.0,
        0.0,
        0.0,
        0.0,
        0.0,
        0.0,
        0.0,
        0.0,
        0.0,
        1.0,
        0.0,
        0.0,
        0.0,
        0.0,
        0.0,
        0.0,
        0.0,
        0.0,
        0.0,
        0.0,
        0.0,
        0.0,
        0.0,
        0.0,
        0.0,
        0.0,
        0.0
      ],
      [
        -0.3578276317566633,
        -0.6739229795889843,
        -0.38627621061971373,
        -0.41472479590427147,
        -0.3578276317566633,
        -0.39196590711543466,
        -0.17970394964379788,
        -0.21217765531159138,
        -0.15496288693256655,
        -0.16881079394236925,
        0.10327377423617329,
        -0.019363834315185145,
        0.07745533726074058,
        0.08390994394921625,
        -0.05809149544103348,
        -0.1678198878984325,
        -0.03872766863037029,
        0.09681916208888414,
        0.0,
        0.0,
        -0.1057850392667431,
        -0.021901092716625464,
        -0.008409481589605527,
        -0.2783219752149386,
        0.10605318483529963,
        -0.1184225142597648,
        0.0,
        0.0,
        0.0,
        0.0,
        3.056431769063263,
        -0.045832149568025005,
        -0.7052319548825243,
        0.0833854706248417,
        0.0,
        0.0,
        0.0,
        0.0,
        0.0,
        0.0,
        -1.0310055761345258,
        -0.38627621061971373,
        0.0,
        -0.009521292432864703,
        0.0,
        0.0,
        0.0
      ],
      [
        -0.829146035015583,
        -1.498729232767194,
        -0.8894085175956907,
        -0.9496709670500878,
        -0.829146035015583,
        -0.9014610115658654,
        -0.40761430135526155,
        -0.6758176123096422,
        -0.23923415882148658,
        -0.33562601387309987,
        0.2391158536559041,
        -0.04483422484920613,
        0.1793368993968245,
        0.1942816410993624,
        -0.1345026699811057,
        -0.3885632821987248,
        -0.08966844969841226,
        0.22417112987209392,
        0.0,
        0.0,
        -0.40520306652256993,
        -0.0728082342892481,
        -0.2836206331092175,
        -0.5045632336509576,
        -0.049465008562724844,
        -0.09883833477361526,
        0.0,
        0.0,
        0.0,
        0.0,
        -0.045832149568025005,
        3.325554358726478,
        -0.16649802780264222,
        -0.12619514980044733,
        0.0,
        0.0,
        0.0,
        0.0,
        0.0,
        0.0,
        -2.3890111318553964,
        -0.8894085175956907,
        0.0,
        -0.009341094261867133,
        0.0,
        0.0,
        0.0
      ],
      [
        -0.626788062392734,
        -1.1299179670388877,
        -0.6720697535847368,
        -0.7173514503036741,
        -0.626788062392734,
        -0.6811260875350844,
        -0.30833971737667243,
        -0.5105903681448245,
        -0.18084991142287143,
        -0.25379611548015074,
        0.18074921175674874,
        -0.03389047714490172,
        0.13556190857960687,
        0.1468587318022893,
        -0.10167143312821747,
        -0.2937174636045786,
        -0.06778095428980344,
        0.16945236424404964,
        0.0,
        0.0,
        -0.16736323157916186,
        -0.2869474502293055,
        -0.09902089436931441,
        0.2328340907653989,
        -0.26621750874739153,
        0.3666331753915701,
        0.0,
        0.0,
        0.0,
        0.0,
        -0.7052319548825243,
        -0.16649802780264222,
        3.3008010870139164,
        0.31232880067287183,
        0.0,
        0.0,
        0.0,
        0.0,
        0.0,
        0.0,
        -1.8059587961440573,
        -0.6720697535847368,
        0.0,
        0.0026880105384552433,
        0.0,
        0.0,
        0.0
      ],
      [
        -1.6526617421477567,
        -3.027242618448316,
        -1.7763740362421563,
        -1.9000863276274078,
        -1.6526617421477567,
        -1.801116502333863,
        -0.8106552533056155,
        -1.330196829852964,
        -0.4903383347466044,
        -0.6741330846087569,
        0.4767265788007551,
        -0.08938623501258632,
        0.35754494005034526,
        0.38734034945578755,
        -0.26815869863035285,
        -0.7746806989115751,
        -0.17877247002517263,
        0.4469311711461521,
        0.0,
        0.0,
        -0.13369191487622528,
        -0.06964474864603737,
        0.23875190508604754,
        0.2655116162097005,
        -0.20577710269850596,
        0.08937201202876688,
        0.0,
        0.0,
        0.0,
        0.0,
        0.0833854706248417,
        -0.12619514980044733,
        0.31232880067287183,
        3.280698111809694,
        0.0,
        0.0,
        0.0,
        0.0,
        0.0,
        0.0,
        -4.761799622952055,
        -1.7763740362421563,
        0.0,
        -0.0015919238429577126,
        0.0,
        0.0,
        0.0
      ],
      [
        0.0,
        0.0,
        0.0,
        0.0,
        0.0,
        0.0,
        0.0,
        0.0,
        0.0,
        0.0,
        0.0,
        0.0,
        0.0,
        0.0,
        0.0,
        0.0,
        0.0,
        0.0,
        0.0,
        0.0,
        0.0,
        0.0,
        0.0,
        0.0,
        0.0,
        0.0,
        0.0,
        0.0,
        0.0,
        0.0,
        0.0,
        0.0,
        0.0,
        0.0,
        1.0,
        0.0,
        0.0,
        0.0,
        0.0,
        0.0,
        0.0,
        0.0,
        0.0,
        0.0,
        0.0,
        0.0,
        0.0
      ],
      [
        0.0,
        0.0,
        0.0,
        0.0,
        0.0,
        0.0,
        0.0,
        0.0,
        0.0,
        0.0,
        0.0,
        0.0,
        0.0,
        0.0,
        0.0,
        0.0,
        0.0,
        0.0,
        0.0,
        0.0,
        0.0,
        0.0,
        0.0,
        0.0,
        0.0,
        0.0,
        0.0,
        0.0,
        0.0,
        0.0,
        0.0,
        0.0,
        0.0,
        0.0,
        0.0,
        1.0,
        0.0,
        0.0,
        0.0,
        0.0,
        0.0,
        0.0,
        0.0,
        0.0,
        0.0,
        0.0,
        0.0
      ],
      [
        0.0,
        0.0,
        0.0,
        0.0,
        0.0,
        0.0,
        0.0,
        0.0,
        0.0,
        0.0,
        0.0,
        0.0,
        0.0,
        0.0,
        0.0,
        0.0,
        0.0,
        0.0,
        0.0,
        0.0,
        0.0,
        0.0,
        0.0,
        0.0,
        0.0,
        0.0,
        0.0,
        0.0,
        0.0,
        0.0,
        0.0,
        0.0,
        0.0,
        0.0,
        0.0,
        0.0,
        1.0,
        0.0,
        0.0,
        0.0,
        0.0,
        0.0,
        0.0,
        0.0,
        0.0,
        0.0,
        0.0
      ],
      [
        0.0,
        0.0,
        0.0,
        0.0,
        0.0,
        0.0,
        0.0,
        0.0,
        0.0,
        0.0,
        0.0,
        0.0,
        0.0,
        0.0,
        0.0,
        0.0,
        0.0,
        0.0,
        0.0,
        0.0,
        0.0,
        0.0,
        0.0,
        0.0,
        0.0,
        0.0,
        0.0,
        0.0,
        0.0,
        0.0,
        0.0,
        0.0,
        0.0,
        0.0,
        0.0,
        0.0,
        0.0,
        1.0,
        0.0,
        0.0,
        0.0,
        0.0,
        0.0,
        0.0,
        0.0,
        0.0,
        0.0
      ],
      [
        0.0,
        0.0,
        0.0,
        0.0,
        0.0,
        0.0,
        0.0,
        0.0,
        0.0,
        0.0,
        0.0,
        0.0,
        0.0,
        0.0,
        0.0,
        0.0,
        0.0,
        0.0,
        0.0,
        0.0,
        0.0,
        0.0,
        0.0,
        0.0,
        0.0,
        0.0,
        0.0,
        0.0,
        0.0,
        0.0,
        0.0,
        0.0,
        0.0,
        0.0,
        0.0,
        0.0,
        0.0,
        0.0,
        1.0,
        0.0,
        0.0,
        0.0,
        0.0,
        0.0,
        0.0,
        0.0,
        0.0
      ],
      [
        0.0,
        0.0,
        0.0,
        0.0,
        0.0,
        0.0,
        0.0,
        0.0,
        0.0,
        0.0,
        0.0,
        0.0,
        0.0,
        0.0,
        0.0,
        0.0,
        0.0,
        0.0,
        0.0,
        0.0,
        0.0,
        0.0,
        0.0,
        0.0,
        0.0,
        0.0,
        0.0,
        0.0,
        0.0,
        0.0,
        0.0,
        0.0,
        0.0,
        0.0,
        0.0,
        0.0,
        0.0,
        0.0,
        0.0,
        1.0,
        0.0,
        0.0,
        0.0,
        0.0,
        0.0,
        0.0,
        0.0
      ],
      [
        19.448715269565582,
        35.8627646869446,
        20.92597966560819,
        22.403244061650803,
        19.448715269565582,
        21.221432458947547,
        9.524073768200116,
        15.636796973737887,
        5.797618310574586,
        7.938941443683989,
        -5.61087954037642,
        1.0520399366295765,
        -4.208159746518306,
        -4.558839692299422,
        3.156119715969327,
        9.117679384598844,
        2.104079873259153,
        -5.260199540927074,
        0.0,
        0.0,
        1.8809233013660773,
        1.2059524540823388,
        -2.6758967987142115,
        0.9888700336495546,
        1.125984956540708,
        0.7111097661653254,
        0.0,
        0.0,
        0.0,
        0.0,
        -1.0310055761345258,
        -2.3890111318553964,
        -1.8059587961440573,
        -4.761799622952055,
        0.0,
        0.0,
        0.0,
        0.0,
        0.0,
        0.0,
        57.037411205427205,
        20.92597966560819,
        0.0,
        0.03428121242489923,
        0.0,
        0.0,
        0.0
      ],
      [
        7.26270917057991,
        13.396069400062554,
        7.814711571981395,
        8.366713973279062,
        7.26270917057991,
        7.925112020374343,
