{
  "A": [
    [
      [
        17.25,
        26.628948867321014,
        17.18410536646843,
        18.118210792541504,
        16.25,
        17.370926469564438,
        8.268224716186523,
        12.613116845488548,
        4.857918217778206,
        6.760740257799625,
        -4.678173810243607,
        0.8771576127037406,
        -3.5086304508149624,
        -3.801016267389059,
        2.6314727514982224,
        7.602032534778118,
        1.7543152254074812,
        -4.385787934064865,
        0.0,
        0.0,
        0.7232943367926055,
        1.7691681808501016,
        -0.10090764868073165,
        0.8421147507615387,
        1.8655521592590958,
        0.5240761311724782,
        0.0,
        0.0,
        0.0,
        0.0,
        -1.7523355609737337,
        2.3070692252367735,
        -2.2957186308922246,
        -1.8168593332811724,
        0.0,
        0.0,
        0.0,
        0.0,
        0.0,
        0.0,
        46.82098114490509,
        17.18410536646843,
        0.0,
        0.011897864751517773,
        0.0,
        0.0,
        0.0
      ],
      [
        26.628948867321014,
        45.250969502156366,
        28.214930676525746,
        29.80091256280375,
        26.628948867321014,
        28.53212706433923,
        13.49276350310533,
        20.737892547440964,
        7.967497531403924,
        11.059744200513148,
        -7.667964919113921,
        1.4377434600111358,
        -5.750973840044543,
        -6.230221574952006,
        4.313230240656319,
        12.460443149904012,
        2.8754869200222717,
        -7.188717088790381,
        0.0,
        0.0,
        1.1878437068414998,
        2.7707348411774535,
        -0.5004423683815669,
        1.488080522625308,
        2.9665580804798664,
        0.9276007997633132,
        0.0,
        0.0,
        0.0,
        0.0,
        -2.887372390329613,
        3.2361869665097363,
        -3.6117629949845647,
        -3.180482983282264,
        0.0,
        0.0,
        0.0,
        0.0,
        0.0,
        0.0,
        76.72575462566458,
        28.214930676525746,
        0.0,
        0.023443226200903777,
        0.0,
        0.0,
        0.0
      ],
      [
        17.18410536646843,
        28.214930676525746,
        19.176879611312547,
        19.16965391733344,
        17.18410536646843,
        18.375434489738986,
        8.738433190572032,
        13.344346634039365,
        5.137780346986023,
        7.147650599543505,
        -4.947255000958795,
        0.9276103372583173,
        -3.7104413490332693,
        -4.019644737689673,
        2.782830920413185,
        8.039289475379347,
        1.8552206745166346,
        -4.638051549474717,
        0.0,
        0.0,
        0.7651037538873883,
        1.859309173267435,
        -0.13686579568845025,
        0.9002516771687801,
        1.9646426810084958,
        0.5603934043086617,
        0.0,
        0.0,
        0.0,
        0.0,
        -1.8544888750473563,
        2.390689796709891,
        -2.414162589613538,
        -1.93958552606109,
        0.0,
        0.0,
        0.0,
        0.0,
        0.0,
        0.0,
        49.512410667152125,
        18.176879611312547,
        0.0,
        0.012936947636546514,
        0.0,
        0.0,
        0.0
      ],
      [
        18.118210792541504,
        29.80091256280375,
        19.16965391733344,
        21.221097104874403,
        18.118210792541504,
        19.379942571404797,
        9.20864169720849,
        14.07557646705653,
        5.417642493401023,
        7.534560966572187,
        -5.216336208772366,
        0.9780630650188409,
        -3.9122522600753635,
        -4.238273221882723,
        2.934189098945987,
        8.476546443765447,
        1.9561261300376818,
        -4.890315180914303,
        0.0,
        0.0,
        0.8069132566761523,
        1.9494501603677592,
        -0.1728238858901816,
        0.9583885757817416,
        2.0637332557497805,
        0.5967105964875871,
        0.0,
        0.0,
        0.0,
        0.0,
        -1.9566421886107048,
        2.4743104717398166,
        -2.532606677479259,
        -2.0623116138007243,
        0.0,
        0.0,
        0.0,
        0.0,
        0.0,
        0.0,
        52.2038403611375,
        19.16965391733344,
        0.0,
        0.013976029103239251,
        0.0,
        0.0,
        0.0
      ],
      [
        16.25,
        26.628948867321014,
        17.18410536646843,
        18.118210792541504,
        17.25,
        17.370926469564438,
        8.268224716186523,
        12.613116845488548,
        4.857918217778206,
        6.760740257799625,
        -4.678173810243607,
        0.8771576127037406,
        -3.5086304508149624,
        -3.801016267389059,
        2.6314727514982224,
        7.602032534778118,
        1.7543152254074812,
        -4.385787934064865,
        0.0,
        0.0,
        0.7232943367926055,
        1.7691681808501016,
        -0.10090764868073165,
        0.8421147507615387,
        1.8655521592590958,
        0.5240761311724782,
        0.0,
        0.0,
        0.0,
        0.0,
        -1.7523355609737337,
        2.3070692252367735,
        -2.2957186308922246,
        -1.8168593332811724,
        0.0,
        0.0,
        0.0,
        0.0,
        0.0,
        0.0,
        46.82098114490509,
        17.18410536646843,
        0.0,
        0.011897864751517773,
        0.0,
        0.0,
        0.0
      ],
      [
        17.370926469564438,
        28.53212706433923,
        18.375434489738986,
        19.379942571404797,
        17.370926469564438,
        19.576336123162616,
        8.832474902948809,
        13.490592610355018,
        5.193752782627141,
        7.225032681592204,
        -5.001071247613792,
        0.9377008837652251,
        -3.7508035350609004,
        -4.063370438665763,
        2.8131025589841543,
        8.126740877331526,
        1.8754017675304502,
        -4.688504280536652,
        0.0,
        0.0,
        0.773465687529302,
        1.877337410888219,
        -0.1440574070741918,
        0.9118790511947412,
        1.9844608093913776,
        0.5676567746225585,
        0.0,
        0.0,
        0.0,
        0.0,
        -1.8749194811910397,
        2.407414007490523,
        -2.4378514300717655,
        -1.9641306592209258,
        0.0,
        0.0,
        0.0,
        0.0,
        0.0,
        0.0,
        50.0506966574707,
        18.375434489738986,
        0.0,
        0.01314476364621786,
        0.0,
        0.0,
        0.0
      ],
      [
        8.268224716186523,
        13.49276350310533,
        8.738433190572032,
        9.20864169720849,
        8.268224716186523,
        8.832474902948809,
        5.212409287326291,
        6.408556311510403,
        2.472911034040403,
        3.4425728197900267,
        -2.3801522920052838,
        0.4462785666429438,
        -1.7851142665717752,
        -1.933873760856634,
        1.3388356557066794,
        3.867747521713268,
        0.8925571332858876,
        -2.2313927673683303,
        0.0,
        0.0,
        0.36921561985715845,
        0.9125289970615567,
        -0.017120148272602942,
        0.41928967082008617,
        0.9559415431962601,
        0.2646213728732006,
        0.0,
        0.0,
        0.0,
        0.0,
        -0.8934289088165448,
        1.2248650069322788,
        -1.1810674675208557,
        -0.9065337350937706,
        0.0,
        0.0,
        0.0,
        0.0,
        0.0,
        0.0,
        23.82316267966174,
        8.738433190572032,
        0.0,
        0.005822146965759473,
        0.0,
        0.0,
        0.0
      ],
      [
        12.613116845488548,
        20.737892547440964,
        13.344346634039365,
        14.07557646705653,
        12.613116845488548,
        13.490592610355018,
        6.408556311510403,
        10.8327634138749,
        3.7499021131161343,
        5.235011878928619,
        -3.631363813658062,
        0.6808807330253637,
        -2.7235229321014547,
        -2.9504831338510717,
        2.042642131124505,
        5.9009662677021435,
        1.3617614660507273,
        -3.404403563690135,
        0.0,
        0.0,
        0.5539531888100847,
        1.3539289950241267,
        -0.15264710751853805,
        0.6567273324613987,
        1.4465654133355135,
        0.35568405311969564,
        0.0,
        0.0,
        0.0,
        0.0,
        -1.3047025102266845,
        1.7114748704265237,
        -1.770754008418327,
        -1.4285944646975033,
        0.0,
        0.0,
        0.0,
        0.0,
        0.0,
        0.0,
        36.34206191569246,
        13.344346634039365,
        0.0,
        0.008075260581510979,
        0.0,
        0.0,
        0.0
      ],
      [
        4.857918217778206,
        7.967497531403924,
        5.137780346986023,
        5.417642493401023,
        4.857918217778206,
        5.193752782627141,
        2.472911034040403,
        3.7499021131161343,
        2.4656477898244313,
        2.027375510129798,
        -1.3985547395566091,
        0.2622290206585012,
        -1.0489160826340047,
        -1.1363257405195903,
        0.7866870367344195,
        2.2726514810391807,
        0.5244580413170024,
        -1.3111450652376753,
        0.0,
        0.0,
        0.22027167471996986,
        0.5303550690443177,
        -0.011548123565052415,
        0.25851037222538786,
        0.552203904949327,
        0.19426219413439932,
        0.0,
        0.0,
        0.0,
        0.0,
        -0.5607430488484683,
        0.6954852838224835,
        -0.6815030231467722,
        -0.5477151670144467,
        0.0,
        0.0,
        0.0,
        0.0,
        0.0,
        0.0,
        13.997076749681947,
        5.137780346986023,
        0.0,
        0.004589829628934561,
        0.0,
        0.0,
        0.0
      ],
      [
        6.760740257799625,
        11.059744200513148,
        7.147650599543505,
        7.534560966572187,
        6.760740257799625,
        7.225032681592204,
        3.4425728197900267,
        5.235011878928619,
        2.027375510129798,
        3.8165203229552134,
        -1.9462767859527128,
        0.36492690708419534,
        -1.4597076283367814,
        -1.5813499082327542,
        1.094780685441409,
        3.1626998164655085,
        0.7298538141683907,
        -1.824634481851203,
        0.0,
        0.0,
        0.3031481868191568,
        0.7415233107450769,
        -0.02049987912786219,
        0.3497021414377228,
        0.7763934360294513,
        0.2335846365686398,
        0.0,
        0.0,
        0.0,
        0.0,
        -0.7457966729162487,
        0.9823132288379315,
        -0.9581127541218304,
        -0.7508753435716342,
        0.0,
        0.0,
        0.0,
        0.0,
        0.0,
        0.0,
        19.479661052110487,
        7.147650599543505,
        0.0,
        0.005308492681414534,
        0.0,
        0.0,
        0.0
      ],
      [
        -4.678173810243607,
        -7.667964919113921,
        -4.947255000958795,
        -5.216336208772366,
        -4.678173810243607,
        -5.001071247613792,
        -2.3801522920052838,
        -3.631363813658062,
        -1.3985547395566091,
        -1.9462767859527128,
        2.3467937161745462,
        -0.2525238284842194,
        1.0100953139368776,
        1.094269907803157,
        -0.7575714605254281,
        -2.188539815606314,
        -0.5050476569684388,
        1.2626191051555289,
        0.0,
        0.0,
        -0.2082353280114689,
        -0.5089409953848615,
        0.030043262617556854,
        -0.24275490371415276,
        -0.5368007598282228,
        -0.15107901107080335,
        0.0,
        0.0,
        0.0,
        0.0,
        0.5045224035063417,
        -0.6625626484520872,
        0.660463485162851,
        0.5236537496748144,
        0.0,
        0.0,
        0.0,
        0.0,
        0.0,
        0.0,
        -13.47918078532526,
        -4.947255000958795,
        0.0,
        -0.0034369508096168677,
        0.0,
        0.0,
        0.0
      ],
      [
        0.8771576127037406,
        1.4377434600111358,
        0.9276103372583173,
        0.9780630650188409,
        0.8771576127037406,
        0.9377008837652251,
        0.4462785666429438,
        0.6808807330253637,
        0.2622290206585012,
        0.36492690708419534,
        -0.2525238284842194,
        1.047348219097321,
        -0.1893928763892836,
        -0.20517561315805427,
        0.14204465261810698,
        0.41035122631610854,
        0.0946964381946418,
        -0.2367410884993104,
        0.0,
        0.0,
        0.03904412383628005,
        0.09542643851654871,
        -0.005633109729160118,
        0.045516547658845496,
        0.10065014579032062,
        0.02832731534335116,
        0.0,
        0.0,
        0.0,
        0.0,
        -0.09459795392326442,
        0.12423049989585108,
        -0.1238369051029131,
        -0.09818507894856394,
        0.0,
        0.0,
        0.0,
        0.0,
        0.0,
        0.0,
        2.527346464333773,
        0.9276103372583173,
        0.0,
        0.0006444282768031627,
        0.0,
        0.0,
        0.0
      ],
      [
        -3.5086304508149624,
        -5.750973840044543,
        -3.7104413490332693,
        -3.9122522600753635,
        -3.5086304508149624,
        -3.7508035350609004,
        -1.7851142665717752,
        -2.7235229321014547,
        -1.0489160826340047,
        -1.4597076283367814,
        1.0100953139368776,
        -0.1893928763892836,
        1.7575715055571333,
        0.8207024526322171,
        -0.5681786104724279,
        -1.6414049052644342,
        -0.3787857527785672,
        0.9469643539972415,
        0.0,
        0.0,
        -0.1561764953451202,
        -0.38170575406619484,
        0.022532438916640474,
        -0.18206619063538199,
        -0.4026005831612825,
        -0.11330926137340463,
        0.0,
        0.0,
        0.0,
        0.0,
        0.3783918156930577,
        -0.49692199958340433,
        0.4953476204116524,
        0.3927403157942558,
        0.0,
        0.0,
        0.0,
        0.0,
        0.0,
        0.0,
        -10.109385857335091,
        -3.7104413490332693,
        0.0,
        -0.002577713107212651,
        0.0,
        0.0,
        0.0
      ],
      [
        -3.801016267389059,
        -6.230221574952006,
        -4.019644737689673,
        -4.238273221882723,
        -3.801016267389059,
        -4.063370438665763,
        -1.933873760856634,
        -2.9504831338510717,
        -1.1363257405195903,
        -1.5813499082327542,
        1.094269907803157,
        -0.20517561315805427,
        0.8207024526322171,
        1.8890943109867762,
        -0.6155268192207883,
        -1.778188621973554,
        -0.41035122631610854,
        1.0258780355119967,
        0.0,
        0.0,
        -0.16919119880387606,
        -0.4135145658928319,
        0.024410147074454713,
        -0.19723836559382973,
        -0.4361506274399396,
        -0.12275170231767558,
        0.0,
        0.0,
        0.0,
        0.0,
        0.40992444865714317,
        -0.5383321583786119,
        0.5366265763715681,
        0.4254686727752149,
        0.0,
        0.0,
        0.0,
        0.0,
        0.0,
        0.0,
        -10.951834522247347,
        -4.019644737689673,
        0.0,
        -0.002792522577136705,
        0.0,
        0.0,
        0.0
      ],
      [
        2.6314727514982224,
        4.313230240656319,
        2.782830920413185,
        2.934189098945987,
        2.6314727514982224,
        2.8131025589841543,
        1.3388356557066794,
        2.042642131124505,
        0.7866870367344195,
        1.094780685441409,
        -0.7575714605254281,
        0.14204465261810698,
        -0.5681786104724279,
        -0.6155268192207883,
        1.4261339438327527,
        1.2310536384415767,
        0.28408930523621395,
        -0.710223242128653,
        0.0,
        0.0,
        0.11713236740130734,
        0.2862793110271243,
        -0.016899335251175873,
        0.13654964012231505,
        0.30195042499625446,
        0.08498194811253114,
        0.0,
        0.0,
        0.0,
        0.0,
        -0.2837938433954492,
        0.37269148975082034,
        -0.3715107000629906,
        -0.2945552264686472,
        0.0,
        0.0,
        0.0,
        0.0,
        0.0,
        0.0,
        7.582039143444052,
        2.782830920413185,
        0.0,
        0.0019332848747324882,
        0.0,
        0.0,
        0.0
      ],
      [
        7.602032534778118,
        12.460443149904012,
        8.039289475379347,
        8.476546443765447,
        7.602032534778118,
        8.126740877331526,
        3.867747521713268,
        5.9009662677021435,
        2.2726514810391807,
        3.1626998164655085,
        -2.188539815606314,
        0.41035122631610854,
        -1.6414049052644342,
        -1.778188621973554,
        1.2310536384415767,
        4.556377243947106,
        0.8207024526322171,
        -2.0517560710239935,
        0.0,
        0.0,
        0.33838239760775213,
        0.8270291317856638,
        -0.04882029414890943,
        0.39447673118765947,
        0.8723012548798792,
        0.24550340463535117,
        0.0,
        0.0,
        0.0,
        0.0,
        -0.8198488973142863,
        1.0766643167572238,
        -1.0732531527431362,
        -0.8509373455504298,
        0.0,
        0.0,
        0.0,
        0.0,
        0.0,
        0.0,
        21.903669044494695,
        8.039289475379347,
        0.0,
        0.00558504515427341,
        0.0,
        0.0,
        0.0
      ],
      [
        1.7543152254074812,
        2.8754869200222717,
        1.8552206745166346,
        1.9561261300376818,
        1.7543152254074812,
        1.8754017675304502,
        0.8925571332858876,
        1.3617614660507273,
        0.5244580413170024,
        0.7298538141683907,
        -0.5050476569684388,
        0.0946964381946418,
        -0.3787857527785672,
        -0.41035122631610854,
        0.28408930523621395,
        0.8207024526322171,
        1.1893928763892838,
        -0.4734821769986208,
        0.0,
        0.0,
        0.0780882476725601,
        0.19085287703309742,
        -0.011266219458320237,
        0.09103309531769099,
        0.20130029158064125,
        0.05665463068670232,
        0.0,
        0.0,
        0.0,
        0.0,
        -0.18919590784652884,
        0.24846099979170216,
        -0.2476738102058262,
        -0.1963701578971279,
        0.0,
        0.0,
        0.0,
        0.0,
        0.0,
        0.0,
        5.054692928667546,
        1.8552206745166346,
        0.0,
        0.0012888565536063254,
        0.0,
        0.0,
        0.0
      ],
      [
        -4.385787934064865,
        -7.188717088790381,
        -4.638051549474717,
        -4.890315180914303,
        -4.385787934064865,
        -4.688504280536652,
        -2.2313927673683303,
        -3.404403563690135,
        -1.3111450652376753,
        -1.824634481851203,
        1.2626191051555289,
        -0.2367410884993104,
        0.9469643539972415,
        1.0258780355119967,
        -0.710223242128653,
        -2.0517560710239935,
        -0.4734821769986208,
        2.1837054075600824,
        0.0,
        0.0,
        -0.19522062085399328,
        -0.47713217972603283,
        0.028165542194917473,
        -0.22758273744188884,
        -0.5032507167430333,
        -0.14163657505631433,
        0.0,
        0.0,
        0.0,
        0.0,
        0.47298973761175045,
        -0.6211524658720484,
        0.6191844880409763,
        0.49092538752221326,
        0.0,
        0.0,
        0.0,
        0.0,
        0.0,
        0.0,
        -12.63673194867467,
        -4.638051549474717,
        0.0,
        -0.0032221413396928134,
        0.0,
        0.0,
        0.0
      ],
      [
        0.0,
        0.0,
        0.0,
        0.0,
        0.0,
        0.0,
        0.0,
        0.0,
        0.0,
        0.0,
        0.0,
        0.0,
        0.0,
        0.0,
        0.0,
        0.0,
        0.0,
        0.0,
        1.0,
        0.0,
        0.0,
        0.0,
        0.0,
        0.0,
        0.0,
        0.0,
        0.0,
        0.0,
        0.0,
        0.0,
        0.0,
        0.0,
        0.0,
        0.0,
        0.0,
        0.0,
        0.0,
        0.0,
        0.0,
        0.0,
        0.0,
        0.0,
        0.0,
        0.0,
        0.0,
        0.0,
        0.0
      ],
      [
        0.0,
        0.0,
        0.0,
        0.0,
        0.0,
        0.0,
        0.0,
        0.0,
        0.0,
        0.0,
        0.0,
        0.0,
        0.0,
        0.0,
        0.0,
        0.0,
        0.0,
        0.0,
        0.0,
        1.0,
        0.0,
        0.0,
        0.0,
        0.0,
        0.0,
        0.0,
        0.0,
        0.0,
        0.0,
        0.0,
        0.0,
        0.0,
        0.0,
        0.0,
        0.0,
        0.0,
        0.0,
        0.0,
        0.0,
        0.0,
        0.0,
        0.0,
        0.0,
        0.0,
        0.0,
        0.0,
        0.0
      ],
      [
        0.7232943367926055,
        1.1878437068414998,
        0.7651037538873883,
        0.8069132566761523,
        0.7232943367926055,
        0.773465687529302,
        0.36921561985715845,
        0.5539531888100847,
        0.22027167471996986,
        0.3031481868191568,
        -0.2082353280114689,
        0.03904412383628005,
        -0.1561764953451202,
        -0.16919119880387606,
        0.11713236740130734,
        0.33838239760775213,
        0.0780882476725601,
        -0.19522062085399328,
        0.0,
        0.0,
        3.1310963648809995,
        0.3614399697879238,
        -0.03548880322159448,
        0.017614632223802634,
        0.027576295203632223,
        -0.1746533314059675,
        0.0,
        0.0,
        0.0,
        0.0,
        -0.3846796302751865,
        -0.2944769296714206,
        -0.07176922473850467,
        -0.11934778956901779,
        0.0,
        0.0,
        0.0,
        0.0,
        0.0,
        0.0,
        2.0840217133715138,
        0.7651037538873883,
        0.0,
        0.006241320924688654,
        0.0,
        0.0,
        0.0
      ],
      [
        1.7691681808501016,
        2.7707348411774535,
        1.859309173267435,
        1.9494501603677592,
        1.7691681808501016,
        1.877337410888219,
        0.9125289970615567,
        1.3539289950241267,
        0.5303550690443177,
        0.7415233107450769,
        -0.5089409953848615,
        0.09542643851654871,
        -0.38170575406619484,
        -0.4135145658928319,
        0.2862793110271243,
        0.8270291317856638,
        0.19085287703309742,
        -0.47713217972603283,
        0.0,
        0.0,
        0.3614399697879238,
        3.4320468742726913,
        -0.3207319796060074,
        0.06722832637335935,
        0.28676199177291567,
        -0.2701998643156843,
        0.0,
        0.0,
        0.0,
        0.0,
        0.28233435592872735,
        0.20204865474710593,
        -0.04748303701593315,
        0.15439582800191504,
        0.0,
        0.0,
        0.0,
        0.0,
        0.0,
        0.0,
        5.097488713025698,
        1.859309173267435,
        0.0,
        -0.005395888418489314,
        0.0,
        0.0,
        0.0
      ],
      [
        -0.10090764868073165,
        -0.5004423683815669,
        -0.13686579568845025,
        -0.1728238858901816,
        -0.10090764868073165,
        -0.1440574070741918,
        -0.017120148272602942,
        -0.15264710751853805,
        -0.011548123565052415,
        -0.02049987912786219,
        0.030043262617556854,
        -0.005633109729160118,
        0.022532438916640474,
        0.024410147074454713,
        -0.016899335251175873,
        -0.04882029414890943,
        -0.011266219458320237,
        0.028165542194917473,
        0.0,
        0.0,
        -0.03548880322159448,
        -0.3207319796060074,
        3.2243636009626826,
        -0.0012979961439105459,
        0.04184680118932703,
        -0.12288924879071661,
        0.0,
        0.0,
        0.0,
        0.0,
        0.014433284270614077,
        -0.054527917825655914,
        0.18283013691905314,
        -0.4694642929458822,
        0.0,
        0.0,
        0.0,
        0.0,
        0.0,
        0.0,
        -0.29074433551426226,
        -0.13686579568845025,
        0.0,
        0.002601411728922823,
        0.0,
        0.0,
        0.0
      ],
      [
        0.8421147507615387,
        1.488080522625308,
        0.9002516771687801,
        0.9583885757817416,
        0.8421147507615387,
        0.9118790511947412,
        0.41928967082008617,
        0.6567273324613987,
        0.25851037222538786,
        0.3497021414377228,
        -0.24275490371415276,
        0.045516547658845496,
        -0.18206619063538199,
        -0.19723836559382973,
        0.13654964012231505,
        0.39447673118765947,
        0.09103309531769099,
        -0.22758273744188884,
        0.0,
        0.0,
        0.017614632223802634,
        0.06722832637335935,
        -0.0012979961439105459,
        3.672646368062928,
        -0.0507136303511989,
        -0.0823389311076296,
        0.0,
        0.0,
        0.0,
        0.0,
        -0.44446786257663284,
        -0.43766038220331005,
        0.12095552282344052,
        0.43539506349337054,
        0.0,
        0.0,
        0.0,
        0.0,
        0.0,
        0.0,
        2.426377806938377,
        0.9002516771687801,
        0.0,
        0.0039166519029412705,
        0.0,
        0.0,
        0.0
      ],
      [
        1.8655521592590958,
        2.9665580804798664,
        1.9646426810084958,
        2.0637332557497805,
        1.8655521592590958,
        1.9844608093913776,
        0.9559415431962601,
        1.4465654133355135,
        0.552203904949327,
        0.7763934360294513,
        -0.5368007598282228,
        0.10065014579032062,
        -0.4026005831612825,
        -0.4361506274399396,
        0.30195042499625446,
        0.8723012548798792,
        0.20130029158064125,
        -0.5032507167430333,
        0.0,
        0.0,
        0.027576295203632223,
        0.28676199177291567,
        0.04184680118932703,
        -0.0507136303511989,
        2.584410127304839,
        -0.09994377480470407,
        0.0,
        0.0,
        0.0,
        0.0,
        -0.054546544461328894,
        0.3789832531335951,
        -0.3917901996218145,
        0.09755901910961277,
        0.0,
        0.0,
        0.0,
        0.0,
        0.0,
        0.0,
        5.3751988745371735,
        1.9646426810084958,
        0.0,
        -0.0032363449110228704,
        0.0,
        0.0,
        0.0
      ],
      [
        0.5240761311724782,
        0.9276007997633132,
        0.5603934043086617,
        0.5967105964875871,
        0.5240761311724782,
        0.5676567746225585,
        0.2646213728732006,
        0.35568405311969564,
        0.19426219413439932,
        0.2335846365686398,
        -0.15107901107080335,
        0.02832731534335116,
        -0.11330926137340463,
        -0.12275170231767558,
        0.08498194811253114,
        0.24550340463535117,
        0.05665463068670232,
        -0.14163657505631433,
        0.0,
        0.0,
        -0.1746533314059675,
        -0.2701998643156843,
        -0.12288924879071661,
        -0.0823389311076296,
        -0.09994377480470407,
        3.0716421194363743,
        0.0,
        0.0,
        0.0,
        0.0,
        -0.20309088302381592,
        0.1034145069493839,
        0.053694129535636154,
        -0.0969093545528251,
        0.0,
        0.0,
        0.0,
        0.0,
        0.0,
        0.0,
        1.5100158134117816,
        0.5603934043086617,
        0.0,
        0.003626653604762581,
        0.0,
        0.0,
        0.0
      ],
      [
        0.0,
        0.0,
        0.0,
        0.0,
        0.0,
        0.0,
        0.0,
        0.0,
        0.0,
        0.0,
        0.0,
        0.0,
        0.0,
        0.0,
        0.0,
        0.0,
        0.0,
        0.0,
        0.0,
        0.0,
        0.0,
        0.0,
        0.0,
        0.0,
        0.0,
        0.0,
        1.0,
        0.0,
        0.0,
        0.0,
        0.0,
        0.0,
        0.0,
        0.0,
        0.0,
        0.0,
        0.0,
        0.0,
        0.0,
        0.0,
        0.0,
        0.0,
        0.0,
        0.0,
        0.0,
        0.0,
        0.0
      ],
      [
        0.0,
        0.0,
        0.0,
        0.0,
        0.0,
        0.0,
        0.0,
        0.0,
        0.0,
        0.0,
        0.0,
        0.0,
        0.0,
        0.0,
        0.0,
        0.0,
        0.0,
        0.0,
        0.0,
        0.0,
        0.0,
        0.0,
        0.0,
        0.0,
        0.0,
        0.0,
        0.0,
        1.0,
        0.0,
        0.0,
        0.0,
        0.0,
        0.0,
        0.0,
        0.0,
        0.0,
        0.0,
        0.0,
        0.0,
        0.0,
        0.0,
        0.0,
        0.0,
        0.0,
        0.0,
        0.0,
        0.0
      ],
      [
        0.0,
        0.0,
        0.0,
        0.0,
        0.0,
        0.0,
        0.0,
        0.0,
        0.0,
        0.0,
        0.0,
        0.0,
        0.0,
        0.0,
        0.0,
        0.0,
        0.0,
        0.0,
        0.0,
        0.0,
        0.0,
        0.0,
        0.0,
        0.0,
        0.0,
        0.0,
        0.0,
        0.0,
        1.0,
        0.0,
        0.0,
        0.0,
        0.0,
        0.0,
        0.0,
        0.0,
        0.0,
        0.0,
        0.0,
        0.0,
        0.0,
        0.0,
        0.0,
        0.0,
        0.0,
        0.0,
        0.0
      ],
      [
        0.0,
        0.0,
        0.0,
        0.0,
        0.0,
        0.0,
        0.0,
        0.0,
        0.0,
        0.0,
        0.0,
        0.0,
        0.0,
        0.0,
        0.0,
        0.0,
        0.0,
        0.0,
        0.0,
        0.0,
        0.0,
        0.0,
        0.0,
        0.0,
        0.0,
        0.0,
        0.0,
        0.0,
        0.0,
        1.0,
        0.0,
        0.0,
        0.0,
        0.0,
        0.0,
        0.0,
        0.0,
        0.0,
        0.0,
        0.0,
        0.0,
        0.0,
        0.0,
        0.0,
        0.0,
        0.0,
        0.0
      ],
      [
        -1.7523355609737337,
        -2.887372390329613,
        -1.8544888750473563,
        -1.9566421886107048,
        -1.7523355609737337,
        -1.8749194811910397,
        -0.8934289088165448,
        -1.3047025102266845,
        -0.5607430488484683,
        -0.7457966729162487,
        0.5045224035063417,
        -0.09459795392326442,
        0.3783918156930577,
        0.40992444865714317,
        -0.2837938433954492,
        -0.8198488973142863,
        -0.18919590784652884,
        0.47298973761175045,
        0.0,
        0.0,
        -0.3846796302751865,
        0.28233435592872735,
        0.014433284270614077,
        -0.44446786257663284,
        -0.054546544461328894,
        -0.20309088302381592,
        0.0,
        0.0,
        0.0,
        0.0,
        6.8669564089871535,
        -0.4348656779099457,
        -0.7762223151235694,
        0.7245152050097746,
        0.0,
        0.0,
        0.0,
        0.0,
        0.0,
        0.0,
        -5.048988910083017,
        -1.8544888750473563,
        0.0,
        -0.009521292432864703,
        0.0,
        0.0,
        0.0
      ],
      [
        2.3070692252367735,
        3.2361869665097363,
        2.390689796709891,
        2.4743104717398166,
        2.3070692252367735,
        2.407414007490523,
        1.2248650069322788,
        1.7114748704265237,
        0.6954852838224835,
        0.9823132288379315,
        -0.6625626484520872,
        0.12423049989585108,
        -0.49692199958340433,
        -0.5383321583786119,
        0.37269148975082034,
        1.0766643167572238,
        0.24846099979170216,
        -0.6211524658720484,
        0.0,
        0.0,
        -0.2944769296714206,
        0.20204865474710593,
        -0.054527917825655914,
        -0.43766038220331005,
        0.3789832531335951,
        0.1034145069493839,
        0.0,
        0.0,
        0.0,
        0.0,
        -0.4348656779099457,
        6.657486993989034,
        -0.3281121096239169,
        0.24161154672815122,
        0.0,
        0.0,
        0.0,
        0.0,
        0.0,
        0.0,
        6.647338127951168,
        2.390689796709891,
        0.0,
        -0.009341094261867133,
        0.0,
        0.0,
        0.0
      ],
      [
        -2.2957186308922246,
        -3.6117629949845647,
        -2.414162589613538,
        -2.532606677479259,
        -2.2957186308922246,
        -2.4378514300717655,
        -1.1810674675208557,
        -1.770754008418327,
        -0.6815030231467722,
        -0.9581127541218304,
        0.660463485162851,
        -0.1238369051029131,
        0.4953476204116524,
        0.5366265763715681,
        -0.3715107000629906,
        -1.0732531527431362,
        -0.2476738102058262,
        0.6191844880409763,
        0.0,
        0.0,
        -0.07176922473850467,
        -0.04748303701593315,
        0.18283013691905314,
        0.12095552282344052,
        -0.3917901996218145,
        0.053694129535636154,
        0.0,
        0.0,
        0.0,
        0.0,
        -0.7762223151235694,
        -0.3281121096239169,
        5.782227902797414,
        0.2523601934925632,
        0.0,
        0.0,
        0.0,
        0.0,
        0.0,
        0.0,
        -6.61463358533771,
        -2.414162589613538,
        0.0,
        0.0026880105384552433,
        0.0,
        0.0,
        0.0
      ],
      [
        -1.8168593332811724,
        -3.180482983282264,
        -1.93958552606109,
        -2.0623116138007243,
        -1.8168593332811724,
        -1.9641306592209258,
        -0.9065337350937706,
        -1.4285944646975033,
        -0.5477151670144467,
        -0.7508753435716342,
        0.5236537496748144,
        -0.09818507894856394,
        0.3927403157942558,
        0.4254686727752149,
        -0.2945552264686472,
        -0.8509373455504298,
        -0.1963701578971279,
        0.49092538752221326,
        0.0,
        0.0,
        -0.11934778956901779,
        0.15439582800191504,
        -0.4694642929458822,
        0.43539506349337054,
        0.09755901910961277,
        -0.0969093545528251,
        0.0,
        0.0,
        0.0,
        0.0,
        0.7245152050097746,
        0.24161154672815122,
        0.2523601934925632,
        6.329755192136861,
        0.0,
        0.0,
        0.0,
        0.0,
        0.0,
        0.0,
        -5.234900753674264,
        -1.93958552606109,
        0.0,
        -0.0015919238429577126,
        0.0,
        0.0,
        0.0
      ],
      [
        0.0,
        0.0,
        0.0,
        0.0,
        0.0,
        0.0,
        0.0,
        0.0,
        0.0,
        0.0,
        0.0,
        0.0,
        0.0,
        0.0,
        0.0,
        0.0,
        0.0,
        0.0,
        0.0,
        0.0,
        0.0,
        0.0,
        0.0,
        0.0,
        0.0,
        0.0,
        0.0,
        0.0,
        0.0,
        0.0,
        0.0,
        0.0,
        0.0,
        0.0,
        1.0,
        0.0,
        0.0,
        0.0,
        0.0,
        0.0,
        0.0,
        0.0,
        0.0,
        0.0,
        0.0,
        0.0,
        0.0
      ],
      [
        0.0,
        0.0,
        0.0,
        0.0,
        0.0,
        0.0,
        0.0,
        0.0,
        0.0,
        0.0,
        0.0,
        0.0,
        0.0,
        0.0,
        0.0,
        0.0,
        0.0,
        0.0,
        0.0,
        0.0,
        0.0,
        0.0,
        0.0,
        0.0,
        0.0,
        0.0,
        0.0,
        0.0,
        0.0,
        0.0,
        0.0,
        0.0,
        0.0,
        0.0,
        0.0,
        1.0,
        0.0,
        0.0,
        0.0,
        0.0,
        0.0,
        0.0,
        0.0,
        0.0,
        0.0,
        0.0,
        0.0
      ],
      [
        0.0,
        0.0,
        0.0,
        0.0,
        0.0,
        0.0,
        0.0,
        0.0,
        0.0,
        0.0,
        0.0,
        0.0,
        0.0,
        0.0,
        0.0,
        0.0,
        0.0,
        0.0,
        0.0,
        0.0,
        0.0,
        0.0,
        0.0,
        0.0,
        0.0,
        0.0,
        0.0,
        0.0,
        0.0,
        0.0,
        0.0,
        0.0,
        0.0,
        0.0,
        0.0,
        0.0,
        1.0,
        0.0,
        0.0,
        0.0,
        0.0,
        0.0,
        0.0,
        0.0,
        0.0,
        0.0,
        0.0
      ],
      [
        0.0,
        0.0,
        0.0,
        0.0,
        0.0,
        0.0,
        0.0,
        0.0,
        0.0,
        0.0,
        0.0,
        0.0,
        0.0,
        0.0,
        0.0,
        0.0,
        0.0,
        0.0,
        0.0,
        0.0,
        0.0,
        0.0,
        0.0,
        0.0,
        0.0,
        0.0,
        0.0,
        0.0,
        0.0,
        0.0,
        0.0,
        0.0,
        0.0,
        0.0,
        0.0,
        0.0,
        0.0,
        1.0,
        0.0,
        0.0,
        0.0,
        0.0,
        0.0,
        0.0,
        0.0,
        0.0,
        0.0
      ],
      [
        0.0,
        0.0,
        0.0,
        0.0,
        0.0,
        0.0,
        0.0,
        0.0,
        0.0,
        0.0,
        0.0,
        0.0,
        0.0,
        0.0,
        0.0,
        0.0,
        0.0,
        0.0,
        0.0,
        0.0,
        0.0,
        0.0,
        0.0,
        0.0,
        0.0,
        0.0,
        0.0,
        0.0,
        0.0,
        0.0,
        0.0,
        0.0,
        0.0,
        0.0,
        0.0,
        0.0,
        0.0,
        0.0,
        1.0,
        0.0,
        0.0,
        0.0,
        0.0,
        0.0,
        0.0,
        0.0,
        0.0
      ],
      [
        0.0,
        0.0,
        0.0,
        0.0,
        0.0,
        0.0,
        0.0,
        0.0,
        0.0,
        0.0,
        0.0,
        0.0,
        0.0,
        0.0,
        0.0,
        0.0,
        0.0,
        0.0,
        0.0,
        0.0,
        0.0,
        0.0,
        0.0,
        0.0,
        0.0,
        0.0,
        0.0,
        0.0,
        0.0,
        0.0,
        0.0,
        0.0,
        0.0,
        0.0,
        0.0,
        0.0,
        0.0,
        0.0,
        0.0,
        1.0,
        0.0,
        0.0,
        0.0,
        0.0,
        0.0,
        0.0,
        0.0
      ],
      [
        46.82098114490509,
        76.72575462566458,
        49.512410667152125,
        52.2038403611375,
        46.82098114490509,
        50.0506966574707,
        23.82316267966174,
        36.34206191569246,
        13.997076749681947,
        19.479661052110487,
        -13.47918078532526,
        2.527346464333773,
        -10.109385857335091,
        -10.951834522247347,
        7.582039143444052,
        21.903669044494695,
        5.054692928667546,
        -12.63673194867467,
        0.0,
        0.0,
        2.0840217133715138,
        5.097488713025698,
        -0.29074433551426226,
        2.426377806938377,
        5.3751988745371735,
        1.5100158134117816,
        0.0,
        0.0,
        0.0,
        0.0,
        -5.048988910083017,
        6.647338127951168,
        -6.61463358533771,
        -5.234900753674264,
        0.0,
        0.0,
        0.0,
        0.0,
        0.0,
        0.0,
        135.9048784844037,
        49.512410667152125,
        0.0,
        0.03428121242489923,
        0.0,
        0.0,
        0.0
      ],
      [
        17.18410536646843,
        28.214930676525746,
        18.176879611312547,
        19.16965391733344,
        17.18410536646843,
        18.375434489738986,
        8.738433190572032,
        13.344346634039365,
        5.137780346986023,
        7.147650599543505,
        -4.947255000958795,
        0.9276103372583173,
        -3.7104413490332693,
        -4.019644737689673,
        2.782830920413185,
