{
  "A": [
    [
      [
        8.25,
        13.267588317394257,
        7.79158291220665,
        8.333165884017944,
        7.25,
        7.899899542331696,
        3.5620817989110947,
        5.77666001021862,
        2.186310760676861,
        2.974947437644005,
        -4.447441875934601,
        1.5164662897586823,
        -2.24334217607975,
        0.9541402123868465,
        0.0,
        0.0,
        0.0,
        0.0,
        0.0,
        0.0,
        -0.9070660248398781,
        0.9387969486415386,
        0.7553858403116465,
        -1.4917959421873093,
        0.6743624545633793,
        -0.21415675384923816,
        0.0,
        0.0,
        0.0,
        0.0,
        -0.5411649830639362,
        0.10146843688562512,
        -0.4058737475425005,
        -0.439696554094553,
        0.3044052980840206,
        0.879393108189106,
        0.20293687377125025,
        -0.5073421783745289,
        0.0,
        0.0,
        8.426596283912659,
        7.79158291220665,
        0.0,
        0.0,
        0.0,
        0.0,
        0.0
      ],
      [
        13.267588317394257,
        25.345285725442018,
        14.264581020317227,
        15.26157382514453,
        13.267588317394257,
        14.46397964728122,
        6.515743657215093,
        10.542949667282434,
        4.023597144786377,
        5.452886178779099,
        -8.140368376524444,
        2.7756617333734206,
        -4.106097892066603,
        1.74640906633292,
        0.0,
        0.0,
        0.0,
        0.0,
        0.0,
        0.0,
        -1.6592356855258297,
        1.71727895942464,
        1.3817771900021585,
        -2.7288433200880684,
        1.2335664868964948,
        -0.3917427382018148,
        0.0,
        0.0,
        0.0,
        0.0,
        -0.989697000971612,
        0.18556819254198056,
        -0.7422727701679223,
        -0.8041288233053359,
        0.5567045542341147,
        1.6082576466106717,
        0.37113638508396113,
        -0.927840951664187,
        0.0,
        0.0,
        15.420773849908613,
        14.264581020317227,
        0.0,
        0.0,
        0.0,
        0.0,
        0.0
      ],
      [
        7.79158291220665,
        14.264581020317227,
        9.37415270310795,
        8.956722557420854,
        7.79158291220665,
        8.49066671245453,
        3.8279113483575333,
        6.205626046702642,
        2.3516665267874277,
        3.197961910540428,
        -4.779805238745967,
        1.629793872100139,
        -2.4109901792995805,
        1.0254444044703246,
        0.0,
        0.0,
        0.0,
        0.0,
        0.0,
        0.0,
        -0.9747612897232187,
        1.0088603248734618,
        0.8117610579709997,
        -1.6031301986685715,
        0.7246908140695305,
        -0.2301394913600187,
        0.0,
        0.0,
        0.0,
        0.0,
        -0.5815328619350304,
        0.10903741438083525,
        -0.436149657523341,
        -0.4724954560967888,
        0.32711222959594355,
        0.9449909121935776,
        0.2180748287616705,
        -0.5451870654012889,
        0.0,
        0.0,
        9.056072222592817,
        8.37415270310795,
        0.0,
        0.0,
        0.0,
        0.0,
        0.0
      ],
      [
        8.333165884017944,
        15.26157382514453,
        8.956722557420854,
        10.580279298042363,
        8.333165884017944,
        9.081433946750376,
        4.093740927151668,
        6.634592137155675,
        2.517022306297063,
        3.420976405930368,
        -5.112168637957913,
        1.7431214668532826,
        -2.5786382008802935,
        1.0967486043630683,
        0.0,
        0.0,
        0.0,
        0.0,
        0.0,
        0.0,
        -1.042456562141086,
        1.078923708903483,
        0.8681362819049512,
        -1.7144644675414082,
        0.7750191791772607,
        -0.2461222306496883,
        0.0,
        0.0,
        0.0,
        0.0,
        -0.6219007453251455,
        0.11660639272336173,
        -0.46642557089344694,
        -0.5052943617707286,
        0.34981916364981547,
        1.0105887235414572,
        0.23321278544672347,
        -0.5830319566646303,
        0.0,
        0.0,
        9.685548230550808,
        8.956722557420854,
        0.0,
        0.0,
        0.0,
        0.0,
        0.0
      ],
      [
        7.25,
        13.267588317394257,
        7.79158291220665,
        8.333165884017944,
        8.25,
        7.899899542331696,
        3.5620817989110947,
        5.77666001021862,
        2.186310760676861,
        2.974947437644005,
        -4.447441875934601,
        1.5164662897586823,
        -2.24334217607975,
        0.9541402123868465,
        0.0,
        0.0,
        0.0,
        0.0,
        0.0,
        0.0,
        -0.9070660248398781,
        0.9387969486415386,
        0.7553858403116465,
        -1.4917959421873093,
        0.6743624545633793,
        -0.21415675384923816,
        0.0,
        0.0,
        0.0,
        0.0,
        -0.5411649830639362,
        0.10146843688562512,
        -0.4058737475425005,
        -0.439696554094553,
        0.3044052980840206,
        0.879393108189106,
        0.20293687377125025,
        -0.5073421783745289,
        0.0,
        0.0,
        8.426596283912659,
        7.79158291220665,
        0.0,
        0.0,
        0.0,
        0.0,
        0.0
      ],
      [
        7.899899542331696,
        14.46397964728122,
        8.49066671245453,
        9.081433946750376,
        7.899899542331696,
        9.608820198341952,
        3.881077281658774,
        6.291419293130842,
        2.3847376936115143,
        3.242564824341824,
        -4.846277940539252,
        1.6524593985354734,
        -2.4445197946880146,
        1.0397052491581493,
        0.0,
        0.0,
        0.0,
        0.0,
        0.0,
        0.0,
        -0.9883003486752224,
        1.0228730063042106,
        0.8230361064790064,
        -1.6253970597920926,
        0.7347564904131518,
        -0.23333604027294147,
        0.0,
        0.0,
        0.0,
        0.0,
        -0.5896064412771347,
        0.1105512105488558,
        -0.4422048421954232,
        -0.4790552393961428,
        0.3316536179052636,
        0.9581104787922856,
        0.2211024210977116,
        -0.5527560461515333,
        0.0,
        0.0,
        9.181967465751114,
        8.49066671245453,
        0.0,
        0.0,
        0.0,
        0.0,
        0.0
      ],
      [
        3.5620817989110947,
        6.515743657215093,
        3.8279113483575333,
        4.093740927151668,
        3.5620817989110947,
        3.881077281658774,
        2.7503708610668234,
        2.837921465775645,
        1.0741388392358513,
        1.4617324354634995,
        -2.185057728497984,
        0.7450499587589954,
        -1.1021689086650954,
        0.4687754226102472,
        0.0,
        0.0,
        0.0,
        0.0,
        0.0,
        0.0,
        -0.4456925971146033,
        0.46128378612432297,
        0.37116358428639046,
        -0.7330033201547317,
        0.3313522340345156,
        -0.1052272681292252,
        0.0,
        0.0,
        0.0,
        0.0,
        -0.2659146813572083,
        0.04985900400449819,
        -0.19943601601799277,
        -0.2160556812193876,
        0.14957700585536512,
        0.4321113624387752,
        0.09971800800899638,
        -0.2492950170575562,
        0.0,
        0.0,
        4.140168999958227,
        3.8279113483575333,
        0.0,
        0.0,
        0.0,
        0.0,
        0.0
      ],
      [
        5.77666001021862,
        10.542949667282434,
        6.205626046702642,
        6.634592137155675,
        5.77666001021862,
        6.291419293130842,
        2.837921465775645,
        5.635925857929949,
        1.7191417556891202,
        2.3603309465869082,
        -3.5429886434929925,
        1.208070391536074,
        -1.7871252915875089,
        0.7601016565418317,
        0.0,
        0.0,
        0.0,
        0.0,
        0.0,
        0.0,
        -0.7230386902305875,
        0.7483319812610683,
        0.6021316791030912,
        -1.1891374553214324,
        0.5375464770957475,
        -0.17070821156134508,
        0.0,
        0.0,
        0.0,
        0.0,
        -0.43146698608973655,
        0.08090006186636302,
        -0.3236002474654521,
        -0.3505669304384373,
        0.24270017571922547,
        0.7011338608768746,
        0.16180012373272604,
        -0.4045003043469908,
        0.0,
        0.0,
        6.714149210418633,
        6.205626046702642,
        0.0,
        0.0,
        0.0,
        0.0,
        0.0
      ],
      [
        2.186310760676861,
        4.023597144786377,
        2.3516665267874277,
        2.517022306297063,
        2.186310760676861,
        2.3847376936115143,
        1.0741388392358513,
        1.7191417556891202,
        1.6752849441411224,
        0.9040559847505081,
        -1.3416867427542694,
        0.45748157477704865,
        -0.6767626284061297,
        0.28784126004915633,
        0.0,
        0.0,
        0.0,
        0.0,
        0.0,
        0.0,
        -0.2732911594674458,
        0.28285141325539764,
        0.2275912298778705,
        -0.4494652332651887,
        0.2031795832994126,
        -0.06452358034316227,
        0.0,
        0.0,
        0.0,
        0.0,
        -0.16297282469334662,
        0.030557405456497704,
        -0.12222962182599081,
        -0.132415421710559,
        0.0916722124632709,
        0.264830843421118,
        0.06111481091299541,
        -0.15278702556043972,
        0.0,
        0.0,
        2.5411252595031577,
        2.3516665267874277,
        0.0,
        0.0,
        0.0,
        0.0,
        0.0
      ],
      [
        2.974947437644005,
        5.452886178779099,
        3.197961910540428,
        3.420976405930368,
        2.974947437644005,
        3.242564824341824,
        1.4617324354634995,
        2.3603309465869082,
        0.9040559847505081,
        2.2237755116613647,
        -1.825150641686068,
        0.6223306560008128,
        -0.9206275258019496,
        0.3915620865511993,
        0.0,
        0.0,
        0.0,
        0.0,
        0.0,
        0.0,
        -0.3721096038032062,
        0.38512671761112105,
        0.3098851881354945,
        -0.6119858771727903,
        0.27664661539302093,
        -0.08785444788575227,
        0.0,
        0.0,
        0.0,
        0.0,
        -0.22197547454733813,
        0.04162040254884582,
        -0.16648161019538327,
        -0.18035507527552483,
        0.12486120244504315,
        0.36071015055104966,
        0.08324080509769163,
        -0.2081020103088434,
        0.0,
        0.0,
        3.4577491066050285,
        3.197961910540428,
        0.0,
        0.0,
        0.0,
        0.0,
        0.0
      ],
      [
        -4.447441875934601,
        -8.140368376524444,
        -4.779805238745967,
        -5.112168637957913,
        -4.447441875934601,
        -4.846277940539252,
        -2.185057728497984,
        -3.5429886434929925,
        -1.3416867427542694,
        -1.825150641686068,
        3.728274076418085,
        -0.930273128117705,
        1.3761736464154715,
        -0.5853153519250514,
        0.0,
        0.0,
        0.0,
        0.0,
        0.0,
        0.0,
        0.556414677022824,
        -0.5758791385386606,
        -0.4633706443223491,
        0.9151011443757477,
        -0.4136690792930122,
        0.1313685638779464,
        0.0,
        0.0,
        0.0,
        0.0,
        0.3319577254159577,
        -0.06224207509054805,
        0.2489683003621922,
        0.26971565519044033,
        -0.1867262175501831,
        -0.5394313103808807,
        -0.1244841501810961,
        0.3112103717399505,
        0.0,
        0.0,
        -5.1692134047818,
        -4.779805238745967,
        0.0,
        0.0,
        0.0,
        0.0,
        0.0
      ],
      [
        1.5164662897586823,
        2.7756617333734206,
        1.629793872100139,
        1.7431214668532826,
        1.5164662897586823,
        1.6524593985354734,
        0.7450499587589954,
        1.208070391536074,
        0.45748157477704865,
        0.6223306560008128,
        -0.930273128117705,
        1.3171998372077345,
        -0.46924074599017207,
        0.1995778752864537,
        0.0,
        0.0,
        0.0,
        0.0,
        0.0,
        0.0,
        -0.18972346899635958,
        0.1963603628696302,
        0.15799778421069263,
        -0.3120265707627689,
        0.14105079535272771,
        -0.04479339004742229,
        0.0,
        0.0,
        0.0,
        0.0,
        -0.11318927021154004,
        0.0212229887017184,
        -0.0848919548068736,
        -0.09196628316867526,
        0.06366896347233036,
        0.18393256633735053,
        0.0424459774034368,
        -0.10611494224262366,
        0.0,
        0.0,
        1.7625723037185281,
        1.629793872100139,
        0.0,
        0.0,
        0.0,
        0.0,
        0.0
      ],
      [
        -2.24334217607975,
        -4.106097892066603,
        -2.4109901792995805,
        -2.5786382008802935,
        -2.24334217607975,
        -2.4445197946880146,
        -1.1021689086650954,
        -1.7871252915875089,
        -0.6767626284061297,
        -0.9206275258019496,
        1.3761736464154715,
        -0.46924074599017207,
        1.6941582304571372,
        -0.29523997208490793,
        0.0,
        0.0,
        0.0,
        0.0,
        0.0,
        0.0,
        0.280662130530829,
        -0.2904802346611878,
        -0.23372962222493437,
        0.4615878182903539,
        -0.20865956618959003,
        0.06626385418163105,
        0.0,
        0.0,
        0.0,
        0.0,
        0.16744339484030124,
        -0.03139563732703333,
        0.1255825493081333,
        0.13604775996724688,
        -0.09418690808630384,
        -0.27209551993449377,
        -0.06279127465406666,
        0.15697818476239167,
        0.0,
        0.0,
        -2.607412254413539,
        -2.4109901792995805,
        0.0,
        0.0,
        0.0,
        0.0,
        0.0
      ],
      [
        0.9541402123868465,
        1.74640906633292,
        1.0254444044703246,
        1.0967486043630683,
        0.9541402123868465,
        1.0397052491581493,
        0.4687754226102472,
        0.7601016565418317,
        0.28784126004915633,
        0.3915620865511993,
        -0.5853153519250514,
        0.1995778752864537,
        -0.29523997208490793,
        1.1255717173580055,
        0.0,
        0.0,
        0.0,
        0.0,
        0.0,
        0.0,
        -0.11937145732159243,
        0.12354730176472911,
        0.09941008276195262,
        -0.1963229255297108,
        0.08874726509427189,
        -0.02818339911567773,
        0.0,
        0.0,
        0.0,
        0.0,
        -0.07121716785592003,
        0.013353219310892575,
        -0.0534128772435703,
        -0.05786394958875589,
        0.04005965627613972,
        0.11572789917751178,
        0.02670643862178515,
        -0.06676609575793263,
        0.0,
        0.0,
        1.108986809383536,
        1.0254444044703246,
        0.0,
        0.0,
        0.0,
        0.0,
        0.0
      ],
      [
        0.0,
        0.0,
        0.0,
        0.0,
        0.0,
        0.0,
        0.0,
        0.0,
        0.0,
        0.0,
        0.0,
        0.0,
        0.0,
        0.0,
        1.0,
        0.0,
        0.0,
        0.0,
        0.0,
        0.0,
        0.0,
        0.0,
        0.0,
        0.0,
        0.0,
        0.0,
        0.0,
        0.0,
        0.0,
        0.0,
        0.0,
        0.0,
        0.0,
        0.0,
        0.0,
        0.0,
        0.0,
        0.0,
        0.0,
        0.0,
        0.0,
        0.0,
        0.0,
        0.0,
        0.0,
        0.0,
        0.0
      ],
      [
        0.0,
        0.0,
        0.0,
        0.0,
        0.0,
        0.0,
        0.0,
        0.0,
        0.0,
        0.0,
        0.0,
        0.0,
        0.0,
        0.0,
        0.0,
        1.0,
        0.0,
        0.0,
        0.0,
        0.0,
        0.0,
        0.0,
        0.0,
        0.0,
        0.0,
        0.0,
        0.0,
        0.0,
        0.0,
        0.0,
        0.0,
        0.0,
        0.0,
        0.0,
        0.0,
        0.0,
        0.0,
        0.0,
        0.0,
        0.0,
        0.0,
        0.0,
        0.0,
        0.0,
        0.0,
        0.0,
        0.0
      ],
      [
        0.0,
        0.0,
        0.0,
        0.0,
        0.0,
        0.0,
        0.0,
        0.0,
        0.0,
        0.0,
        0.0,
        0.0,
        0.0,
        0.0,
        0.0,
        0.0,
        1.0,
        0.0,
        0.0,
        0.0,
        0.0,
        0.0,
        0.0,
        0.0,
        0.0,
        0.0,
        0.0,
        0.0,
        0.0,
        0.0,
        0.0,
        0.0,
        0.0,
        0.0,
        0.0,
        0.0,
        0.0,
        0.0,
        0.0,
        0.0,
        0.0,
        0.0,
        0.0,
        0.0,
        0.0,
        0.0,
        0.0
      ],
      [
        0.0,
        0.0,
        0.0,
        0.0,
        0.0,
        0.0,
        0.0,
        0.0,
        0.0,
        0.0,
        0.0,
        0.0,
        0.0,
        0.0,
        0.0,
        0.0,
        0.0,
        1.0,
        0.0,
        0.0,
        0.0,
        0.0,
        0.0,
        0.0,
        0.0,
        0.0,
        0.0,
        0.0,
        0.0,
        0.0,
        0.0,
        0.0,
        0.0,
        0.0,
        0.0,
        0.0,
        0.0,
        0.0,
        0.0,
        0.0,
        0.0,
        0.0,
        0.0,
        0.0,
        0.0,
        0.0,
        0.0
      ],
      [
        0.0,
        0.0,
        0.0,
        0.0,
        0.0,
        0.0,
        0.0,
        0.0,
        0.0,
        0.0,
        0.0,
        0.0,
        0.0,
        0.0,
        0.0,
        0.0,
        0.0,
        0.0,
        1.0,
        0.0,
        0.0,
        0.0,
        0.0,
        0.0,
        0.0,
        0.0,
        0.0,
        0.0,
        0.0,
        0.0,
        0.0,
        0.0,
        0.0,
        0.0,
        0.0,
        0.0,
        0.0,
        0.0,
        0.0,
        0.0,
        0.0,
        0.0,
        0.0,
        0.0,
        0.0,
        0.0,
        0.0
      ],
      [
        0.0,
        0.0,
        0.0,
        0.0,
        0.0,
        0.0,
        0.0,
        0.0,
        0.0,
        0.0,
        0.0,
        0.0,
        0.0,
        0.0,
        0.0,
        0.0,
        0.0,
        0.0,
        0.0,
        1.0,
        0.0,
        0.0,
        0.0,
        0.0,
        0.0,
        0.0,
        0.0,
        0.0,
        0.0,
        0.0,
        0.0,
        0.0,
        0.0,
        0.0,
        0.0,
        0.0,
        0.0,
        0.0,
        0.0,
        0.0,
        0.0,
        0.0,
        0.0,
        0.0,
        0.0,
        0.0,
        0.0
      ],
      [
        -0.9070660248398781,
        -1.6592356855258297,
        -0.9747612897232187,
        -1.042456562141086,
        -0.9070660248398781,
        -0.9883003486752224,
        -0.4456925971146033,
        -0.7230386902305875,
        -0.2732911594674458,
        -0.3721096038032062,
        0.556414677022824,
        -0.18972346899635958,
        0.280662130530829,
        -0.11937145732159243,
        0.0,
        0.0,
        0.0,
        0.0,
        0.0,
        0.0,
        1.1134929691497177,
        -0.1174631726970217,
        -0.09451459928931077,
        0.1866549360335765,
        -0.08437687572346404,
        0.0267954980034814,
        0.0,
        0.0,
        0.0,
        0.0,
        0.06771345690196369,
        -0.012696273487682777,
        0.05078509395073111,
        0.055017184400504945,
        -0.0380888188941646,
        -0.11003436880100989,
        -0.025392546975365554,
        0.06348136668068591,
        0.0,
        0.0,
        -1.0542729923005716,
        -0.9747612897232187,
        0.0,
        0.0,
        0.0,
        0.0,
        0.0
      ],
      [
        0.9387969486415386,
        1.71727895942464,
        1.0088603248734618,
        1.078923708903483,
        0.9387969486415386,
        1.0228730063042106,
        0.46128378612432297,
        0.7483319812610683,
        0.28285141325539764,
        0.38512671761112105,
        -0.5758791385386606,
        0.1963603628696302,
        -0.2904802346611878,
        0.12354730176472911,
        0.0,
        0.0,
        0.0,
        0.0,
        0.0,
        0.0,
        -0.1174631726970217,
        1.1215722616424695,
        0.09782090275622768,
        -0.1931844866719482,
        0.08732854201449025,
        -0.02773285634402186,
        0.0,
        0.0,
        0.0,
        0.0,
        -0.07008220457460335,
        0.013140413687446718,
        -0.05256165474978687,
        -0.05694179190788068,
        0.03942123943857384,
        0.11388358381576136,
        0.026280827374893435,
        -0.06570206765299885,
        0.0,
        0.0,
        1.0911535005201838,
        1.0088603248734618,
        0.0,
        0.0,
        0.0,
        0.0,
        0.0
      ],
      [
        0.7553858403116465,
        1.3817771900021585,
        0.8117610579709997,
        0.8681362819049512,
        0.7553858403116465,
        0.8230361064790064,
        0.37116358428639046,
        0.6021316791030912,
        0.2275912298778705,
        0.3098851881354945,
        -0.4633706443223491,
        0.15799778421069263,
        -0.23372962222493437,
        0.09941008276195262,
        0.0,
        0.0,
        0.0,
        0.0,
        0.0,
        0.0,
        -0.09451459928931077,
        0.09782090275622768,
        1.0787098050720192,
        -0.155442373362467,
        0.07026731839015415,
        -0.022314736987941987,
        0.0,
        0.0,
        0.0,
        0.0,
        -0.05639036755647224,
        0.010573194182132548,
        -0.04229277672853019,
        -0.04581717419564668,
        0.031719581239863695,
        0.09163434839129336,
        0.021146388364265096,
        -0.052865970279642543,
        0.0,
        0.0,
        0.8779767606745326,
        0.8117610579709997,
        0.0,
        0.0,
        0.0,
        0.0,
        0.0
      ],
      [
        -1.4917959421873093,
        -2.7288433200880684,
        -1.6031301986685715,
        -1.7144644675414082,
        -1.4917959421873093,
        -1.6253970597920926,
        -0.7330033201547317,
        -1.1891374553214324,
        -0.4494652332651887,
        -0.6119858771727903,
        0.9151011443757477,
        -0.3120265707627689,
        0.4615878182903539,
        -0.1963229255297108,
        0.0,
        0.0,
        0.0,
        0.0,
        0.0,
        0.0,
        0.1866549360335765,
        -0.1931844866719482,
        -0.155442373362467,
        1.3069799425173025,
        -0.1387694802494763,
        0.044068914605888375,
        0.0,
        0.0,
        0.0,
        0.0,
        0.11136417578420296,
        -0.020880783483461725,
        0.0835231339338469,
        0.09048339392272353,
        -0.06264234787013818,
        -0.18096678784544706,
        -0.04176156696692345,
        0.10440391617111985,
        0.0,
        0.0,
        -1.7338982265919398,
        -1.6031301986685715,
        0.0,
        0.0,
        0.0,
        0.0,
        0.0
      ],
      [
        0.6743624545633793,
        1.2335664868964948,
        0.7246908140695305,
        0.7750191791772607,
        0.6743624545633793,
        0.7347564904131518,
        0.3313522340345156,
        0.5375464770957475,
        0.2031795832994126,
        0.27664661539302093,
        -0.4136690792930122,
        0.14105079535272771,
        -0.20865956618959003,
        0.08874726509427189,
        0.0,
        0.0,
        0.0,
        0.0,
        0.0,
        0.0,
        -0.08437687572346404,
        0.08732854201449025,
        0.07026731839015415,
        -0.1387694802494763,
        1.0627303806587445,
        -0.019921237605525246,
        0.0,
        0.0,
        0.0,
        0.0,
        -0.05034188444097312,
        0.009439103569520784,
        -0.037756414278083135,
        -0.040902781604665185,
        0.028317309542168448,
        0.08180556320933037,
        0.018878207139041567,
        -0.047195517284267546,
        0.0,
        0.0,
        0.7838041591219298,
        0.7246908140695305,
        0.0,
        0.0,
        0.0,
        0.0,
        0.0
      ],
      [
        -0.21415675384923816,
        -0.3917427382018148,
        -0.2301394913600187,
        -0.2461222306496883,
        -0.21415675384923816,
        -0.23333604027294147,
        -0.1052272681292252,
        -0.17070821156134508,
        -0.06452358034316227,
        -0.08785444788575227,
        0.1313685638779464,
        -0.04479339004742229,
        0.06626385418163105,
        -0.02818339911567773,
        0.0,
        0.0,
        0.0,
        0.0,
        0.0,
        0.0,
        0.0267954980034814,
        -0.02773285634402186,
        -0.022314736987941987,
        0.044068914605888375,
        -0.019921237605525246,
        1.0063263717447324,
        0.0,
        0.0,
        0.0,
        0.0,
        0.015987032613657706,
        -0.00299756869027338,
        0.01199027476109352,
        0.012989464156230153,
        -0.008992705700409345,
        -0.025978928312460306,
        -0.00599513738054676,
        0.014987843272468607,
        0.0,
        0.0,
        -0.24891206981528113,
        -0.2301394913600187,
        0.0,
        0.0,
        0.0,
        0.0,
        0.0
      ],
      [
        0.0,
        0.0,
        0.0,
        0.0,
        0.0,
        0.0,
        0.0,
        0.0,
        0.0,
        0.0,
        0.0,
        0.0,
        0.0,
        0.0,
        0.0,
        0.0,
        0.0,
        0.0,
        0.0,
        0.0,
        0.0,
        0.0,
        0.0,
        0.0,
        0.0,
        0.0,
        1.0,
        0.0,
        0.0,
        0.0,
        0.0,
        0.0,
        0.0,
        0.0,
        0.0,
        0.0,
        0.0,
        0.0,
        0.0,
        0.0,
        0.0,
        0.0,
        0.0,
        0.0,
        0.0,
        0.0,
        0.0
      ],
      [
        0.0,
        0.0,
        0.0,
        0.0,
        0.0,
        0.0,
        0.0,
        0.0,
        0.0,
        0.0,
        0.0,
        0.0,
        0.0,
        0.0,
        0.0,
        0.0,
        0.0,
        0.0,
        0.0,
        0.0,
        0.0,
        0.0,
        0.0,
        0.0,
        0.0,
        0.0,
        0.0,
        1.0,
        0.0,
        0.0,
        0.0,
        0.0,
        0.0,
        0.0,
        0.0,
        0.0,
        0.0,
        0.0,
        0.0,
        0.0,
        0.0,
        0.0,
        0.0,
        0.0,
        0.0,
        0.0,
        0.0
      ],
      [
        0.0,
        0.0,
        0.0,
        0.0,
        0.0,
        0.0,
        0.0,
        0.0,
        0.0,
        0.0,
        0.0,
        0.0,
        0.0,
        0.0,
        0.0,
        0.0,
        0.0,
        0.0,
        0.0,
        0.0,
        0.0,
        0.0,
        0.0,
        0.0,
        0.0,
        0.0,
        0.0,
        0.0,
        1.0,
        0.0,
        0.0,
        0.0,
        0.0,
        0.0,
        0.0,
        0.0,
        0.0,
        0.0,
        0.0,
        0.0,
        0.0,
        0.0,
        0.0,
        0.0,
        0.0,
        0.0,
        0.0
      ],
      [
        0.0,
        0.0,
        0.0,
        0.0,
        0.0,
        0.0,
        0.0,
        0.0,
        0.0,
        0.0,
        0.0,
        0.0,
        0.0,
        0.0,
        0.0,
        0.0,
        0.0,
        0.0,
        0.0,
        0.0,
        0.0,
        0.0,
        0.0,
        0.0,
        0.0,
        0.0,
        0.0,
        0.0,
        0.0,
        1.0,
        0.0,
        0.0,
        0.0,
        0.0,
        0.0,
        0.0,
        0.0,
        0.0,
        0.0,
        0.0,
        0.0,
        0.0,
        0.0,
        0.0,
        0.0,
        0.0,
        0.0
      ],
      [
        -0.5411649830639362,
        -0.989697000971612,
        -0.5815328619350304,
        -0.6219007453251455,
        -0.5411649830639362,
        -0.5896064412771347,
        -0.2659146813572083,
        -0.43146698608973655,
        -0.16297282469334662,
        -0.22197547454733813,
        0.3319577254159577,
        -0.11318927021154004,
        0.16744339484030124,
        -0.07121716785592003,
        0.0,
        0.0,
        0.0,
        0.0,
        0.0,
        0.0,
        0.06771345690196369,
        -0.07008220457460335,
        -0.05639036755647224,
        0.11136417578420296,
        -0.05034188444097312,
        0.015987032613657706,
        0.0,
        0.0,
        0.0,
        0.0,
        1.0404007082563012,
        -0.007575132987533697,
        0.03030053195013479,
        0.0328255758558501,
        -0.022725398027880754,
        -0.0656511517117002,
        -0.015150265975067394,
        0.03787566448549613,
        0.0,
        0.0,
        -0.628990184175203,
        -0.5815328619350304,
        0.0,
        0.0,
        0.0,
        0.0,
        0.0
      ],
      [
        0.10146843688562512,
        0.18556819254198056,
        0.10903741438083525,
        0.11660639272336173,
        0.10146843688562512,
        0.1105512105488558,
        0.04985900400449819,
        0.08090006186636302,
        0.030557405456497704,
        0.04162040254884582,
        -0.06224207509054805,
        0.0212229887017184,
        -0.03139563732703333,
        0.013353219310892575,
        0.0,
        0.0,
        0.0,
        0.0,
        0.0,
        0.0,
        -0.012696273487682777,
        0.013140413687446718,
        0.010573194182132548,
        -0.020880783483461725,
        0.009439103569520784,
        -0.00299756869027338,
        0.0,
        0.0,
        0.0,
        0.0,
        -0.007575132987533697,
        1.00142033747069,
        -0.005681349882758166,
        -0.0061547956269221065,
        0.0042610122368085535,
        0.012309591253844213,
        0.002840674941379083,
        -0.0071016872686653874,
        0.0,
        0.0,
        0.11793566250963239,
        0.10903741438083525,
        0.0,
        0.0,
        0.0,
        0.0,
        0.0
      ],
      [
        -0.4058737475425005,
        -0.7422727701679223,
        -0.436149657523341,
        -0.46642557089344694,
        -0.4058737475425005,
        -0.4422048421954232,
        -0.19943601601799277,
        -0.3236002474654521,
        -0.12222962182599081,
        -0.16648161019538327,
        0.2489683003621922,
        -0.0848919548068736,
        0.1255825493081333,
        -0.0534128772435703,
        0.0,
        0.0,
        0.0,
        0.0,
        0.0,
        0.0,
        0.05078509395073111,
        -0.05256165474978687,
        -0.04229277672853019,
        0.0835231339338469,
        -0.037756414278083135,
        0.01199027476109352,
        0.0,
        0.0,
        0.0,
        0.0,
        0.03030053195013479,
        -0.005681349882758166,
        1.022725399531033,
        0.024619182507688426,
        -0.017044048947234214,
        -0.04923836501537685,
        -0.011362699765516331,
        0.02840674907466155,
        0.0,
        0.0,
        -0.47174265003852955,
        -0.436149657523341,
        0.0,
        0.0,
        0.0,
        0.0,
        0.0
      ],
      [
        -0.439696554094553,
        -0.8041288233053359,
        -0.4724954560967888,
        -0.5052943617707286,
        -0.439696554094553,
        -0.4790552393961428,
        -0.2160556812193876,
        -0.3505669304384373,
        -0.132415421710559,
        -0.18035507527552483,
        0.26971565519044033,
        -0.09196628316867526,
        0.13604775996724688,
        -0.05786394958875589,
        0.0,
        0.0,
        0.0,
        0.0,
        0.0,
        0.0,
        0.055017184400504945,
        -0.05694179190788068,
        -0.04581717419564668,
        0.09048339392272353,
        -0.040902781604665185,
        0.012989464156230153,
        0.0,
        0.0,
        0.0,
        0.0,
        0.0328255758558501,
        -0.0061547956269221065,
        0.024619182507688426,
        1.026670780705932,
        -0.01846438612130603,
        -0.053341561411864885,
        -0.012309591253844213,
        0.03077397776722049,
        0.0,
        0.0,
        -0.5110545308665326,
        -0.4724954560967888,
        0.0,
        0.0,
        0.0,
        0.0,
        0.0
      ],
      [
        0.3044052980840206,
        0.5567045542341147,
        0.32711222959594355,
        0.34981916364981547,
        0.3044052980840206,
        0.3316536179052636,
        0.14957700585536512,
        0.24270017571922547,
        0.0916722124632709,
        0.12486120244504315,
        -0.1867262175501831,
        0.06366896347233036,
        -0.09418690808630384,
        0.04005965627613972,
        0.0,
        0.0,
        0.0,
        0.0,
        0.0,
        0.0,
        -0.0380888188941646,
        0.03942123943857384,
        0.031719581239863695,
        -0.06264234787013818,
        0.028317309542168448,
        -0.008992705700409345,
        0.0,
        0.0,
        0.0,
        0.0,
        -0.022725398027880754,
        0.0042610122368085535,
        -0.017044048947234214,
        -0.01846438612130603,
        1.0127830361846457,
        0.03692877224261206,
        0.008522024473617107,
        -0.02130506092969582,
        0.0,
        0.0,
        0.3538069729156046,
        0.32711222959594355,
        0.0,
        0.0,
        0.0,
        0.0,
        0.0
      ],
      [
        0.879393108189106,
        1.6082576466106717,
        0.9449909121935776,
        1.0105887235414572,
        0.879393108189106,
        0.9581104787922856,
        0.4321113624387752,
        0.7011338608768746,
        0.264830843421118,
        0.36071015055104966,
        -0.5394313103808807,
        0.18393256633735053,
        -0.27209551993449377,
        0.11572789917751178,
        0.0,
        0.0,
        0.0,
        0.0,
        0.0,
        0.0,
        -0.11003436880100989,
        0.11388358381576136,
        0.09163434839129336,
        -0.18096678784544706,
        0.08180556320933037,
        -0.025978928312460306,
        0.0,
        0.0,
        0.0,
        0.0,
        -0.0656511517117002,
        0.012309591253844213,
        -0.04923836501537685,
        -0.053341561411864885,
        0.03692877224261206,
        1.1066831228237302,
        0.024619182507688426,
        -0.06154795553444098,
        0.0,
        0.0,
        1.0221090617330653,
        0.9449909121935776,
        0.0,
        0.0,
        0.0,
        0.0,
        0.0
      ],
      [
        0.20293687377125025,
        0.37113638508396113,
        0.2180748287616705,
        0.23321278544672347,
        0.20293687377125025,
        0.2211024210977116,
        0.09971800800899638,
        0.16180012373272604,
        0.06111481091299541,
        0.08324080509769163,
        -0.1244841501810961,
        0.0424459774034368,
        -0.06279127465406666,
        0.02670643862178515,
        0.0,
        0.0,
        0.0,
        0.0,
        0.0,
        0.0,
        -0.025392546975365554,
        0.026280827374893435,
        0.021146388364265096,
        -0.04176156696692345,
        0.018878207139041567,
        -0.00599513738054676,
        0.0,
        0.0,
        0.0,
        0.0,
        -0.015150265975067394,
        0.002840674941379083,
        -0.011362699765516331,
        -0.012309591253844213,
        0.008522024473617107,
        0.024619182507688426,
        1.0056813498827581,
        -0.014203374537330775,
        0.0,
        0.0,
        0.23587132501926478,
        0.2180748287616705,
        0.0,
        0.0,
        0.0,
        0.0,
        0.0
      ],
      [
        -0.5073421783745289,
        -0.927840951664187,
        -0.5451870654012889,
        -0.5830319566646303,
        -0.5073421783745289,
        -0.5527560461515333,
        -0.2492950170575562,
        -0.4045003043469908,
        -0.15278702556043972,
        -0.2081020103088434,
        0.3112103717399505,
        -0.10611494224262366,
        0.15697818476239167,
        -0.06676609575793263,
        0.0,
        0.0,
        0.0,
        0.0,
        0.0,
        0.0,
        0.06348136668068591,
        -0.06570206765299885,
        -0.052865970279642543,
        0.10440391617111985,
        -0.047195517284267546,
        0.014987843272468607,
        0.0,
        0.0,
        0.0,
        0.0,
        0.03787566448549613,
        -0.0071016872686653874,
        0.02840674907466155,
        0.03077397776722049,
        -0.02130506092969582,
        -0.06154795553444098,
        -0.014203374537330775,
        1.035508435919416,
        0.0,
        0.0,
        -0.5896783055121322,
        -0.5451870654012889,
        0.0,
        0.0,
        0.0,
        0.0,
        0.0
      ],
      [
        0.0,
        0.0,
        0.0,
        0.0,
        0.0,
        0.0,
        0.0,
        0.0,
        0.0,
        0.0,
        0.0,
        0.0,
        0.0,
        0.0,
        0.0,
        0.0,
        0.0,
        0.0,
        0.0,
        0.0,
        0.0,
        0.0,
        0.0,
        0.0,
        0.0,
        0.0,
        0.0,
        0.0,
        0.0,
        0.0,
        0.0,
        0.0,
        0.0,
        0.0,
        0.0,
        0.0,
        0.0,
        0.0,
        1.0,
        0.0,
        0.0,
        0.0,
        0.0,
        0.0,
        0.0,
        0.0,
        0.0
      ],
      [
        0.0,
        0.0,
        0.0,
        0.0,
        0.0,
        0.0,
        0.0,
        0.0,
        0.0,
        0.0,
        0.0,
        0.0,
        0.0,
        0.0,
        0.0,
        0.0,
        0.0,
        0.0,
        0.0,
        0.0,
        0.0,
        0.0,
        0.0,
        0.0,
        0.0,
        0.0,
        0.0,
        0.0,
        0.0,
        0.0,
        0.0,
        0.0,
        0.0,
        0.0,
        0.0,
        0.0,
        0.0,
        0.0,
        0.0,
        1.0,
        0.0,
        0.0,
        0.0,
        0.0,
        0.0,
        0.0,
        0.0
      ],
      [
        8.426596283912659,
        15.420773849908613,
        9.056072222592817,
        9.685548230550808,
        8.426596283912659,
        9.181967465751114,
        4.140168999958227,
        6.714149210418633,
        2.5411252595031577,
        3.4577491066050285,
        -5.1692134047818,
        1.7625723037185281,
        -2.607412254413539,
        1.108986809383536,
        0.0,
        0.0,
        0.0,
        0.0,
        0.0,
        0.0,
        -1.0542729923005716,
        1.0911535005201838,
        0.8779767606745326,
        -1.7338982265919398,
        0.7838041591219298,
        -0.24891206981528113,
        0.0,
        0.0,
        0.0,
        0.0,
        -0.628990184175203,
        0.11793566250963239,
        -0.47174265003852955,
        -0.5110545308665326,
        0.3538069729156046,
        1.0221090617330653,
        0.23587132501926478,
        -0.5896783055121322,
        0.0,
        0.0,
        10.794141369938018,
        9.056072222592817,
        0.0,
        0.0,
        0.0,
        0.0,
        0.0
      ],
      [
        7.79158291220665,
        14.264581020317227,
        8.37415270310795,
        8.956722557420854,
        7.79158291220665,
        8.49066671245453,
        3.8279113483575333,
        6.205626046702642,
        2.3516665267874277,
        3.197961910540428,
        -4.779805238745967,
        1.629793872100139,
        -2.4109901792995805,
        1.0254444044703246,
        0.0,
        0.0,
        0.0,
        0.0,
        0.0,
        0.0,
        -0.9747612897232187,
        1.0088603248734618,
        0.8117610579709997,
        -1.6031301986685715,
        0.7246908140695305,
        -0.2301394913600187,
        0.0,
        0.0,
        0.0,
