{
  "A": [
    [
      [
        15.5,
        23.829892933368683,
        15.339690297842026,
        16.17938071489334,
        14.5,
        15.507628381252289,
        7.371814273297787,
        11.247955054044724,
        4.3453202694654465,
        6.034910395741463,
        -4.042832612991333,
        0.9128977339714766,
        -2.9995209872722626,
        -3.521176788955927,
        2.217037294059992,
        6.911939479410648,
        1.6953815054148436,
        -3.782004676759243,
        0.0,
        0.0,
        0.8189794339705259,
        1.090447471360676,
        -0.6160677932202816,
        -0.16444734088145196,
        1.2013873297255486,
        0.3271191162057221,
        0.0,
        0.0,
        0.0,
        0.0,
        -1.6976145111839287,
        -0.36923647951334715,
        -3.386746880642022,
        -1.1823359206318855,
        0.0,
        0.0,
        0.0,
        0.0,
        0.0,
        0.0,
        41.7561799287796,
        15.339690297842026,
        0.0,
        0.011897864751517773,
        0.0,
        0.0,
        0.0
      ],
      [
        23.829892933368683,
        40.688662165209934,
        25.25718205365285,
        26.68447135075786,
        23.829892933368683,
        25.542639920981618,
        12.067997447177873,
        18.53234992786141,
        7.154231469851428,
        9.905207005751212,
        -6.645661967320986,
        1.5006334239723684,
        -4.930652448028778,
        -5.788157189343616,
        3.6443953567779053,
        11.361937955144327,
        2.7868906447147035,
        -6.2169095323709,
        0.0,
        0.0,
        1.40175446862469,
        1.7617989545898918,
        -1.0535251711223554,
        -0.12222267928544506,
        1.9678911018059972,
        0.6852212642405017,
        0.0,
        0.0,
        0.0,
        0.0,
        -2.792015974643782,
        -0.8063485725698343,
        -5.088439869162918,
        -1.7703995816005944,
        0.0,
        0.0,
        0.0,
        0.0,
        0.0,
        0.0,
        68.62381351110474,
        25.25718205365285,
        0.0,
        0.023443226200903777,
        0.0,
        0.0,
        0.0
      ],
      [
        15.339690297842026,
        25.25718205365285,
        17.23226448570603,
        17.124838797964316,
        15.339690297842026,
        16.41077934886937,
        7.794470725621947,
        11.90355053903129,
        4.598122258998308,
        6.383237063803889,
        -4.277087236428911,
        0.9657939419049555,
        -3.173322805050088,
        -3.7252050089196427,
        2.3454995095857156,
        7.312439310679558,
        1.7936173202138572,
        -4.001146096502659,
        0.0,
        0.0,
        0.8714291933594018,
        1.150869125636887,
        -0.6554389874783276,
        -0.1606471040878814,
        1.2703726834212883,
        0.35934839399689633,
        0.0,
        0.0,
        0.0,
        0.0,
        -1.7961106481472962,
        -0.4085765832136661,
        -3.5398992693188465,
        -1.235261664870141,
        0.0,
        0.0,
        0.0,
        0.0,
        0.0,
        0.0,
        44.174266760662164,
        16.23226448570603,
        0.0,
        0.012936947636546514,
        0.0,
        0.0,
        0.0
      ],
      [
        16.17938071489334,
        26.68447135075786,
        17.124838797964316,
        19.070297010614688,
        16.17938071489334,
        17.313930441917787,
        8.217127240105295,
        12.55914611698227,
        4.850924282407111,
        6.73156378128535,
        -4.511341893049266,
        1.01869015733132,
        -3.3471246474473944,
        -3.9292332577844884,
        2.473961743308447,
        7.71293919868031,
        1.8918531489282298,
        -4.220287547288027,
        0.0,
        0.0,
        0.9238789252396854,
        1.2112907199750131,
        -0.6948100960971413,
        -0.15684695316175534,
        1.3393580311677717,
        0.3915774797217848,
        0.0,
        0.0,
        0.0,
        0.0,
        -1.894606771275773,
        -0.44791664007948717,
        -3.693051626683107,
        -1.2881873860918835,
        0.0,
        0.0,
        0.0,
        0.0,
        0.0,
        0.0,
        46.59235393583609,
        17.124838797964316,
        0.0,
        0.013976029103239251,
        0.0,
        0.0,
        0.0
      ],
      [
        14.5,
        23.829892933368683,
        15.339690297842026,
        16.17938071489334,
        15.5,
        15.507628381252289,
        7.371814273297787,
        11.247955054044724,
        4.3453202694654465,
        6.034910395741463,
        -4.042832612991333,
        0.9128977339714766,
        -2.9995209872722626,
        -3.521176788955927,
        2.217037294059992,
        6.911939479410648,
        1.6953815054148436,
        -3.782004676759243,
        0.0,
        0.0,
        0.8189794339705259,
        1.090447471360676,
        -0.6160677932202816,
        -0.16444734088145196,
        1.2013873297255486,
        0.3271191162057221,
        0.0,
        0.0,
        0.0,
        0.0,
        -1.6976145111839287,
        -0.36923647951334715,
        -3.386746880642022,
        -1.1823359206318855,
        0.0,
        0.0,
        0.0,
        0.0,
        0.0,
        0.0,
        41.7561799287796,
        15.339690297842026,
        0.0,
        0.011897864751517773,
        0.0,
        0.0,
        0.0
      ],
      [
        15.507628381252289,
        25.542639920981618,
        16.41077934886937,
        17.313930441917787,
        15.507628381252289,
        17.591409568333106,
        7.879002027577459,
        12.034669657746367,
        4.648682662414653,
        6.452902406381876,
        -4.3239381677756175,
        0.9763731849953396,
        -3.2080831735463438,
        -3.7660106587123274,
        2.371191956342675,
        7.392539288318408,
        1.813264485966224,
        -4.0449743866809085,
        0.0,
        0.0,
        0.8819191373007615,
        1.1629534693809698,
        -0.6633131890099969,
        -0.15988708211651637,
        1.284169745188017,
        0.36579410190637907,
        0.0,
        0.0,
        0.0,
        0.0,
        -1.815809879855474,
        -0.4164445769977094,
        -3.5705296793975703,
        -1.2458468037366406,
        0.0,
        0.0,
        0.0,
        0.0,
        0.0,
        0.0,
        44.657884195696944,
        16.41077934886937,
        0.0,
        0.01314476364621786,
        0.0,
        0.0,
        0.0
      ],
      [
        7.371814273297787,
        12.067997447177873,
        7.794470725621947,
        8.217127240105295,
        7.371814273297787,
        7.879002027577459,
        4.752285399171441,
        5.711606569077278,
        2.2096370130084417,
        3.0700995619760136,
        -2.055245060022191,
        0.4640876182598979,
        -1.5248592468074496,
        -1.7900521476427933,
        1.1270698998447446,
        3.513805994365029,
        0.8618770049375778,
        -1.922648591956396,
        0.0,
        0.0,
        0.41097333964030364,
        0.5566849008735396,
        -0.30887938083629946,
        -0.09480914499297544,
        0.6092004039789185,
        0.15745440700823704,
        0.0,
        0.0,
        0.0,
        0.0,
        -0.8678289080272991,
        -0.16777630862805393,
        -1.7667025395973561,
        -0.6233159040466233,
        0.0,
        0.0,
        0.0,
        0.0,
        0.0,
        0.0,
        21.228882984988765,
        7.794470725621947,
        0.0,
        0.005822146965759473,
        0.0,
        0.0,
        0.0
      ],
      [
        11.247955054044724,
        18.53234992786141,
        11.90355053903129,
        12.55914611698227,
        11.247955054044724,
        12.034669657746367,
        5.711606569077278,
        9.762032220315149,
        3.3517936051456907,
        4.670477706948461,
        -3.1362448476795204,
        0.7081843570171343,
        -2.3268913521800174,
        -2.7315680922212717,
        1.7198762494049915,
        5.361966884643435,
        1.315199520236511,
        -2.933906452080628,
        0.0,
        0.0,
        0.644711063761233,
        0.845869319434153,
        -0.489696503974518,
        -0.13306357832810478,
        0.9446905472267442,
        0.21195880253465293,
        0.0,
        0.0,
        0.0,
        0.0,
        -1.2491982178788785,
        -0.3273574559856657,
        -2.55873908535031,
        -0.8304918580382379,
        0.0,
        0.0,
        0.0,
        0.0,
        0.0,
        0.0,
        32.391147248290196,
        11.90355053903129,
        0.0,
        0.008075260581510979,
        0.0,
        0.0,
        0.0
      ],
      [
        4.3453202694654465,
        7.154231469851428,
        4.598122258998308,
        4.850924282407111,
        4.3453202694654465,
        4.648682662414653,
        2.2096370130084417,
        3.3517936051456907,
        2.3149530388423516,
        1.8142568798628935,
        -1.211582153900887,
        0.27358308107611456,
        -0.8989157954684597,
        -1.055248970753269,
        0.6644160357197807,
        2.071414603667731,
        0.508082864492998,
        -1.1334155540122897,
        0.0,
        0.0,
        0.24410267371891795,
        0.3245613321518659,
        -0.18059587576498506,
        -0.03458466613151173,
        0.3526803326171233,
        0.13574545486411407,
        0.0,
        0.0,
        0.0,
        0.0,
        -0.5512915166751683,
        -0.10146068436054412,
        -1.0191116880199256,
        -0.3931872144334151,
        0.0,
        0.0,
        0.0,
        0.0,
        0.0,
        0.0,
        12.513377580330696,
        4.598122258998308,
        0.0,
        0.004589829628934561,
        0.0,
        0.0,
        0.0
      ],
      [
        6.034910395741463,
        9.905207005751212,
        6.383237063803889,
        6.73156378128535,
        6.034910395741463,
        6.452902406381876,
        3.0700995619760136,
        4.670477706948461,
        1.8142568798628935,
        3.514986639831174,
        -1.6825931622917059,
        0.3799404111182406,
        -1.2483755785391684,
        -1.465484365475623,
        0.922712402005236,
        2.8766914725746764,
        0.7056036202868357,
        -1.5740387535155433,
        0.0,
        0.0,
        0.3381717889968285,
        0.4537794064185598,
        -0.25296382545503204,
        -0.06643726740487937,
        0.49620333808048855,
        0.1490795845240821,
        0.0,
        0.0,
        0.0,
        0.0,
        -0.7269104227064818,
        -0.14187854392656968,
        -1.4289404320103405,
        -0.5176769154984876,
        0.0,
        0.0,
        0.0,
        0.0,
        0.0,
        0.0,
        17.378952022493834,
        6.383237063803889,
        0.0,
        0.005308492681414534,
        0.0,
        0.0,
        0.0
      ],
      [
        -4.042832612991333,
        -6.645661967320986,
        -4.277087236428911,
        -4.511341893049266,
        -4.042832612991333,
        -4.3239381677756175,
        -2.055245060022191,
        -3.1362448476795204,
        -1.211582153900887,
        -1.6825931622917059,
        2.127210900848487,
        -0.25453150688801773,
        0.8363177696846419,
        0.9817643321506501,
        -0.6181479285978203,
        -1.9271669824123818,
        -0.4727013697895689,
        1.0544876097305438,
        0.0,
        0.0,
        -0.22850444003072687,
        -0.30394745683809304,
        0.1718871486652978,
        0.04542637409325173,
        -0.3349471227389361,
        -0.09162897692667132,
        0.0,
        0.0,
        0.0,
        0.0,
        0.4733281638070121,
        0.10352044438155883,
        0.9429118222814082,
        0.32915999264961743,
        0.0,
        0.0,
        0.0,
        0.0,
        0.0,
        0.0,
        -11.642292828059153,
        -4.277087236428911,
        0.0,
        -0.003328460161151625,
        0.0,
        0.0,
        0.0
      ],
      [
        0.9128977339714766,
        1.5006334239723684,
        0.9657939419049555,
        1.01869015733132,
        0.9128977339714766,
        0.9763731849953396,
        0.4640876182598979,
        0.7081843570171343,
        0.27358308107611456,
        0.3799404111182406,
        -0.25453150688801773,
        1.0574748593629806,
        -0.18884595774830137,
        -0.22168873161456595,
        0.13958179753875394,
        0.43516676044298735,
        0.10673902449843449,
        -0.23811011772280233,
        0.0,
        0.0,
        0.05159777718064957,
        0.06863330100298587,
        -0.03881322991527676,
        -0.010257568900255878,
        0.07563322714512738,
        0.020690415154661544,
        0.0,
        0.0,
        0.0,
        0.0,
        -0.1068805628065643,
        -0.02337558428243504,
        -0.2129155900831054,
        -0.0743264508612024,
        0.0,
        0.0,
        0.0,
        0.0,
        0.0,
        0.0,
        2.628904967970872,
        0.9657939419049555,
        0.0,
        0.0007515877726054637,
        0.0,
        0.0,
        0.0
      ],
      [
        -2.9995209872722626,
        -4.930652448028778,
        -3.173322805050088,
        -3.3471246474473944,
        -2.9995209872722626,
        -3.2080831735463438,
        -1.5248592468074496,
        -2.3268913521800174,
        -0.8989157954684597,
        -1.2483755785391684,
        0.8363177696846419,
        -0.18884595774830137,
        1.6204938324884999,
        0.7284057987747644,
        -0.4586258849971841,
        -1.4298335753564926,
        -0.3507139214247408,
        0.7823617792075236,
        0.0,
        0.0,
        -0.1695355520878201,
        -0.22550941083190645,
        0.12752918343907288,
        0.033703441913917165,
        -0.24850916126260486,
        -0.06798278303835677,
        0.0,
        0.0,
        0.0,
        0.0,
        0.35117897271117243,
        0.07680549410510684,
        0.6995797487522621,
        0.24421546750018264,
        0.0,
        0.0,
        0.0,
        0.0,
        0.0,
        0.0,
        -8.637830209817706,
        -3.173322805050088,
        0.0,
        -0.0024695025801082376,
        0.0,
        0.0,
        0.0
      ],
      [
        -3.521176788955927,
        -5.788157189343616,
        -3.7252050089196427,
        -3.9292332577844884,
        -3.521176788955927,
        -3.7660106587123274,
        -1.7900521476427933,
        -2.7315680922212717,
        -1.055248970753269,
        -1.465484365475623,
        0.9817643321506501,
        -0.22168873161456595,
        0.7284057987747644,
        1.855085062748845,
        -0.5383869050887748,
        -1.678500273557229,
        -0.4117076443004809,
        0.9184246915541462,
        0.0,
        0.0,
        -0.19901999724120534,
        -0.26472843218359454,
        0.14970816935850206,
        0.03956491018127614,
        -0.2917281465857498,
        -0.07980587023940006,
        0.0,
        0.0,
        0.0,
        0.0,
        0.41225356931494495,
        0.09016297034207618,
        0.8212457897421128,
        0.2866877200226944,
        0.0,
        0.0,
        0.0,
        0.0,
        0.0,
        0.0,
        -10.140061486754863,
        -3.7252050089196427,
        0.0,
        -0.002898981281983931,
        0.0,
        0.0,
        0.0
      ],
      [
        2.217037294059992,
        3.6443953567779053,
        2.3454995095857156,
        2.473961743308447,
        2.217037294059992,
        2.371191956342675,
        1.1270698998447446,
        1.7198762494049915,
        0.6644160357197807,
        0.922712402005236,
        -0.6181479285978203,
        0.13958179753875394,
        -0.4586258849971841,
        -0.5383869050887748,
        1.338984356292288,
        1.0568335325213907,
        0.25922333820656507,
        -0.5782674131312515,
        0.0,
        0.0,
        0.12530889493949798,
        0.16668087250815114,
        -0.0942606967398281,
        -0.02491124557728036,
        0.18368069009274035,
        0.05024814925553765,
        0.0,
        0.0,
        0.0,
        0.0,
        -0.25956707014692554,
        -0.05676927683132643,
        -0.5170806943097439,
        -0.1805070957429658,
        0.0,
        0.0,
        0.0,
        0.0,
        0.0,
        0.0,
        6.384483321231597,
        2.3454995095857156,
        0.0,
        0.0018252846159406977,
        0.0,
        0.0,
        0.0
      ],
      [
        6.911939479410648,
        11.361937955144327,
        7.312439310679558,
        7.71293919868031,
        6.911939479410648,
        7.392539288318408,
        3.513805994365029,
        5.361966884643435,
        2.071414603667731,
        2.8766914725746764,
        -1.9271669824123818,
        0.43516676044298735,
        -1.4298335753564926,
        -1.678500273557229,
        1.0568335325213907,
        4.294833802001754,
        0.8081668405742384,
        -1.802833616411957,
        0.0,
        0.0,
        0.39066887467663003,
        0.5196520953462546,
        -0.29387158311357564,
        -0.07766443445439802,
        0.5726515335411467,
        0.15665598143164533,
        0.0,
        0.0,
        0.0,
        0.0,
        -0.8092384930233127,
        -0.17698654819581766,
        -1.612075032133668,
        -0.5627573782226877,
        0.0,
        0.0,
        0.0,
        0.0,
        0.0,
        0.0,
        19.904564727843216,
        7.312439310679558,
        0.0,
        0.0056905927555299385,
        0.0,
        0.0,
        0.0
      ],
      [
        1.6953815054148436,
        2.7868906447147035,
        1.7936173202138572,
        1.8918531489282298,
        1.6953815054148436,
        1.813264485966224,
        0.8618770049375778,
        1.315199520236511,
        0.508082864492998,
        0.7056036202868357,
        -0.4727013697895689,
        0.10673902449843449,
        -0.3507139214247408,
        -0.4117076443004809,
        0.25922333820656507,
        0.8081668405742384,
        1.1982296168647228,
        -0.44220450420640156,
        0.0,
        0.0,
        0.09582444527517495,
        0.1274618397444121,
        -0.07208171440771738,
        -0.019049774242278494,
        0.14046170755277604,
        0.03842505469978112,
        0.0,
        0.0,
        0.0,
        0.0,
        -0.1984924698928005,
        -0.04341180445010917,
        -0.3954146586850306,
        -0.13803483746906942,
        0.0,
        0.0,
        0.0,
        0.0,
        0.0,
        0.0,
        4.882252081841925,
        1.7936173202138572,
        0.0,
        0.0013958059140650042,
        0.0,
        0.0,
        0.0
      ],
      [
        -3.782004676759243,
        -6.2169095323709,
        -4.001146096502659,
        -4.220287547288027,
        -3.782004676759243,
        -4.0449743866809085,
        -1.922648591956396,
        -2.933906452080628,
        -1.1334155540122897,
        -1.5740387535155433,
        1.0544876097305438,
        -0.23811011772280233,
        0.7823617792075236,
        0.9184246915541462,
        -0.5782674131312515,
        -1.802833616411957,
        -0.44220450420640156,
        1.9864561443100326,
        0.0,
        0.0,
        -0.21376221956777383,
        -0.284337942526071,
        0.16079765645491478,
        0.04249563675148693,
        -0.3133376408494687,
        -0.08571741422918666,
        0.0,
        0.0,
        0.0,
        0.0,
        0.44279086353532465,
        0.09684170118471325,
        0.8820788208416304,
        0.3079238576869827,
        0.0,
        0.0,
        0.0,
        0.0,
        0.0,
        0.0,
        -10.891177087675958,
        -4.001146096502659,
        0.0,
        -0.0031137205442757776,
        0.0,
        0.0,
        0.0
      ],
      [
        0.0,
        0.0,
        0.0,
        0.0,
        0.0,
        0.0,
        0.0,
        0.0,
        0.0,
        0.0,
        0.0,
        0.0,
        0.0,
        0.0,
        0.0,
        0.0,
        0.0,
        0.0,
        1.0,
        0.0,
        0.0,
        0.0,
        0.0,
        0.0,
        0.0,
        0.0,
        0.0,
        0.0,
        0.0,
        0.0,
        0.0,
        0.0,
        0.0,
        0.0,
        0.0,
        0.0,
        0.0,
        0.0,
        0.0,
        0.0,
        0.0,
        0.0,
        0.0,
        0.0,
        0.0,
        0.0,
        0.0
      ],
      [
        0.0,
        0.0,
        0.0,
        0.0,
        0.0,
        0.0,
        0.0,
        0.0,
        0.0,
        0.0,
        0.0,
        0.0,
        0.0,
        0.0,
        0.0,
        0.0,
        0.0,
        0.0,
        0.0,
        1.0,
        0.0,
        0.0,
        0.0,
        0.0,
        0.0,
        0.0,
        0.0,
        0.0,
        0.0,
        0.0,
        0.0,
        0.0,
        0.0,
        0.0,
        0.0,
        0.0,
        0.0,
        0.0,
        0.0,
        0.0,
        0.0,
        0.0,
        0.0,
        0.0,
        0.0,
        0.0,
        0.0
      ],
      [
        0.8189794339705259,
        1.40175446862469,
        0.8714291933594018,
        0.9238789252396854,
        0.8189794339705259,
        0.8819191373007615,
        0.41097333964030364,
        0.644711063761233,
        0.24410267371891795,
        0.3381717889968285,
        -0.22850444003072687,
        0.05159777718064957,
        -0.1695355520878201,
        -0.19901999724120534,
        0.12530889493949798,
        0.39066887467663003,
        0.09582444527517495,
        -0.21376221956777383,
        0.0,
        0.0,
        3.1884855517336126,
        0.3070298648125501,
        -0.21124665733528436,
        0.23044980548438412,
        0.007251027011281802,
        -0.10200116191703079,
        0.0,
        0.0,
        0.0,
        0.0,
        -0.34616063008921333,
        -0.3708460914530818,
        0.05577004234558544,
        -0.13751967171018936,
        0.0,
        0.0,
        0.0,
        0.0,
        0.0,
        0.0,
        2.358445091837904,
        0.8714291933594018,
        0.0,
        0.006181021078638105,
        0.0,
        0.0,
        0.0
      ],
      [
        1.090447471360676,
        1.7617989545898918,
        1.150869125636887,
        1.2112907199750131,
        1.090447471360676,
        1.1629534693809698,
        0.5566849008735396,
        0.845869319434153,
        0.3245613321518659,
        0.4537794064185598,
        -0.30394745683809304,
        0.06863330100298587,
        -0.22550941083190645,
        -0.26472843218359454,
        0.16668087250815114,
        0.5196520953462546,
        0.1274618397444121,
        -0.284337942526071,
        0.0,
        0.0,
        0.3070298648125501,
        3.0899019579540283,
        -0.13052615428018768,
        0.019874532233019535,
        0.27070287990125724,
        0.3566446005106784,
        0.0,
        0.0,
        0.0,
        0.0,
        -0.3151541104097805,
        0.0317366276528894,
        -0.1565506170220645,
        -0.09552218654642561,
        0.0,
        0.0,
        0.0,
        0.0,
        0.0,
        0.0,
        3.140201373531878,
        1.150869125636887,
        0.0,
        -0.005661783869196635,
        0.0,
        0.0,
        0.0
      ],
      [
        -0.6160677932202816,
        -1.0535251711223554,
        -0.6554389874783276,
        -0.6948100960971413,
        -0.6160677932202816,
        -0.6633131890099969,
        -0.30887938083629946,
        -0.489696503974518,
        -0.18059587576498506,
        -0.25296382545503204,
        0.1718871486652978,
        -0.03881322991527676,
        0.12752918343907288,
        0.14970816935850206,
        -0.0942606967398281,
        -0.29387158311357564,
        -0.07208171440771738,
        0.16079765645491478,
        0.0,
        0.0,
        -0.21124665733528436,
        -0.13052615428018768,
        2.7378497374329047,
        -0.2904644768630772,
        0.1019157742576389,
        -0.11473067499280344,
        0.0,
        0.0,
        0.0,
        0.0,
        -0.4535493868235529,
        -0.17004986996715304,
        0.2618323162344266,
        -0.29041209001310303,
        0.0,
        0.0,
        0.0,
        0.0,
        0.0,
        0.0,
        -1.7741127713847362,
        -0.6554389874783276,
        0.0,
        0.0029586102551044935,
        0.0,
        0.0,
        0.0
      ],
      [
        -0.16444734088145196,
        -0.12222267928544506,
        -0.1606471040878814,
        -0.15684695316175534,
        -0.16444734088145196,
        -0.15988708211651637,
        -0.09480914499297544,
        -0.13306357832810478,
        -0.03458466613151173,
        -0.06643726740487937,
        0.04542637409325173,
        -0.010257568900255878,
        0.033703441913917165,
        0.03956491018127614,
        -0.02491124557728036,
        -0.07766443445439802,
        -0.019049774242278494,
        0.04249563675148693,
        0.0,
        0.0,
        0.23044980548438412,
        0.019874532233019535,
        -0.2904644768630772,
        3.3994585637668147,
        -0.2877312861124275,
        -0.04436350875662522,
        0.0,
        0.0,
        0.0,
        0.0,
        -0.19532888511723984,
        -0.20099122046097634,
        0.4499022576129364,
        0.5698727425029696,
        0.0,
        0.0,
        0.0,
        0.0,
        0.0,
        0.0,
        -0.47356490642819393,
        -0.1606471040878814,
        0.0,
        0.003729439705818932,
        0.0,
        0.0,
        0.0
      ],
      [
        1.2013873297255486,
        1.9678911018059972,
        1.2703726834212883,
        1.3393580311677717,
        1.2013873297255486,
        1.284169745188017,
        0.6092004039789185,
        0.9446905472267442,
        0.3526803326171233,
        0.49620333808048855,
        -0.3349471227389361,
        0.07563322714512738,
        -0.24850916126260486,
        -0.2917281465857498,
        0.18368069009274035,
        0.5726515335411467,
        0.14046170755277604,
        -0.3133376408494687,
        0.0,
        0.0,
        0.007251027011281802,
        0.27070287990125724,
        0.1019157742576389,
        -0.2877312861124275,
        2.8077865773190878,
        -0.08618743334037482,
        0.0,
        0.0,
        0.0,
        0.0,
        -0.030542857625350472,
        -0.14378116465329932,
        -0.8492376560622593,
        -0.05418952853281722,
        0.0,
        0.0,
        0.0,
        0.0,
        0.0,
        0.0,
        3.459679125942529,
        1.2703726834212883,
        0.0,
        -0.003438580477685693,
        0.0,
        0.0,
        0.0
      ],
      [
        0.3271191162057221,
        0.6852212642405017,
        0.35934839399689633,
        0.3915774797217848,
        0.3271191162057221,
        0.36579410190637907,
        0.15745440700823704,
        0.21195880253465293,
        0.13574545486411407,
        0.1490795845240821,
        -0.09162897692667132,
        0.020690415154661544,
        -0.06798278303835677,
        -0.07980587023940006,
        0.05024814925553765,
        0.15665598143164533,
        0.03842505469978112,
        -0.08571741422918666,
        0.0,
        0.0,
        -0.10200116191703079,
        0.3566446005106784,
        -0.11473067499280344,
        -0.04436350875662522,
        -0.08618743334037482,
        3.098148311279411,
        0.0,
        0.0,
        0.0,
        0.0,
        0.3244828883721974,
        -0.19212333537242804,
        -0.06928698777345133,
        -0.22092998105880446,
        0.0,
        0.0,
        0.0,
        0.0,
        0.0,
        0.0,
        0.9420167199042124,
        0.35934839399689633,
        0.0,
        0.003882900115633331,
        0.0,
        0.0,
        0.0
      ],
      [
        0.0,
        0.0,
        0.0,
        0.0,
        0.0,
        0.0,
        0.0,
        0.0,
        0.0,
        0.0,
        0.0,
        0.0,
        0.0,
        0.0,
        0.0,
        0.0,
        0.0,
        0.0,
        0.0,
        0.0,
        0.0,
        0.0,
        0.0,
        0.0,
        0.0,
        0.0,
        1.0,
        0.0,
        0.0,
        0.0,
        0.0,
        0.0,
        0.0,
        0.0,
        0.0,
        0.0,
        0.0,
        0.0,
        0.0,
        0.0,
        0.0,
        0.0,
        0.0,
        0.0,
        0.0,
        0.0,
        0.0
      ],
      [
        0.0,
        0.0,
        0.0,
        0.0,
        0.0,
        0.0,
        0.0,
        0.0,
        0.0,
        0.0,
        0.0,
        0.0,
        0.0,
        0.0,
        0.0,
        0.0,
        0.0,
        0.0,
        0.0,
        0.0,
        0.0,
        0.0,
        0.0,
        0.0,
        0.0,
        0.0,
        0.0,
        1.0,
        0.0,
        0.0,
        0.0,
        0.0,
        0.0,
        0.0,
        0.0,
        0.0,
        0.0,
        0.0,
        0.0,
        0.0,
        0.0,
        0.0,
        0.0,
        0.0,
        0.0,
        0.0,
        0.0
      ],
      [
        0.0,
        0.0,
        0.0,
        0.0,
        0.0,
        0.0,
        0.0,
        0.0,
        0.0,
        0.0,
        0.0,
        0.0,
        0.0,
        0.0,
        0.0,
        0.0,
        0.0,
        0.0,
        0.0,
        0.0,
        0.0,
        0.0,
        0.0,
        0.0,
        0.0,
        0.0,
        0.0,
        0.0,
        1.0,
        0.0,
        0.0,
        0.0,
        0.0,
        0.0,
        0.0,
        0.0,
        0.0,
        0.0,
        0.0,
        0.0,
        0.0,
        0.0,
        0.0,
        0.0,
        0.0,
        0.0,
        0.0
      ],
      [
        0.0,
        0.0,
        0.0,
        0.0,
        0.0,
        0.0,
        0.0,
        0.0,
        0.0,
        0.0,
        0.0,
        0.0,
        0.0,
        0.0,
        0.0,
        0.0,
        0.0,
        0.0,
        0.0,
        0.0,
        0.0,
        0.0,
        0.0,
        0.0,
        0.0,
        0.0,
        0.0,
        0.0,
        0.0,
        1.0,
        0.0,
        0.0,
        0.0,
        0.0,
        0.0,
        0.0,
        0.0,
        0.0,
        0.0,
        0.0,
        0.0,
        0.0,
        0.0,
        0.0,
        0.0,
        0.0,
        0.0
      ],
      [
        -1.6976145111839287,
        -2.792015974643782,
        -1.7961106481472962,
        -1.894606771275773,
        -1.6976145111839287,
        -1.815809879855474,
        -0.8678289080272991,
        -1.2491982178788785,
        -0.5512915166751683,
        -0.7269104227064818,
        0.4733281638070121,
        -0.1068805628065643,
        0.35117897271117243,
        0.41225356931494495,
        -0.25956707014692554,
        -0.8092384930233127,
        -0.1984924698928005,
        0.44279086353532465,
        0.0,
        0.0,
        -0.34616063008921333,
        -0.3151541104097805,
        -0.4535493868235529,
        -0.19532888511723984,
        -0.030542857625350472,
        0.3244828883721974,
        0.0,
        0.0,
        0.0,
        0.0,
        6.416075115435624,
        -0.5763660397934206,
        -0.7309790060009296,
        0.5451777549801109,
        0.0,
        0.0,
        0.0,
        0.0,
        0.0,
        0.0,
        -4.888682771217913,
        -1.7961106481472962,
        0.0,
        -0.010080950090921859,
        0.0,
        0.0,
        0.0
      ],
      [
        -0.36923647951334715,
        -0.8063485725698343,
        -0.4085765832136661,
        -0.44791664007948717,
        -0.36923647951334715,
        -0.4164445769977094,
        -0.16777630862805393,
        -0.3273574559856657,
        -0.10146068436054412,
        -0.14187854392656968,
        0.10352044438155883,
        -0.02337558428243504,
        0.07680549410510684,
        0.09016297034207618,
        -0.05676927683132643,
        -0.17698654819581766,
        -0.04341180445010917,
        0.09684170118471325,
        0.0,
        0.0,
        -0.3708460914530818,
        0.0317366276528894,
        -0.17004986996715304,
        -0.20099122046097634,
        -0.14378116465329932,
        -0.19212333537242804,
        0.0,
        0.0,
        0.0,
        0.0,
        -0.5763660397934206,
        6.416903317806878,
        0.11889175648405947,
        -0.39205271852627965,
        0.0,
        0.0,
        0.0,
        0.0,
        0.0,
        0.0,
        -1.0633038238316876,
        -0.4085765832136661,
        0.0,
        -0.009333658635365116,
        0.0,
        0.0,
        0.0
      ],
      [
        -3.386746880642022,
        -5.088439869162918,
        -3.5398992693188465,
        -3.693051626683107,
        -3.386746880642022,
        -3.5705296793975703,
        -1.7667025395973561,
        -2.55873908535031,
        -1.0191116880199256,
        -1.4289404320103405,
        0.9429118222814082,
        -0.2129155900831054,
        0.6995797487522621,
        0.8212457897421128,
        -0.5170806943097439,
        -1.612075032133668,
        -0.3954146586850306,
        0.8820788208416304,
        0.0,
        0.0,
        0.05577004234558544,
        -0.1565506170220645,
        0.2618323162344266,
        0.4499022576129364,
        -0.8492376560622593,
        -0.06928698777345133,
        0.0,
        0.0,
        0.0,
        0.0,
        -0.7309790060009296,
        0.11889175648405947,
        6.382056289307037,
        1.3249427376827834,
        0.0,
        0.0,
        0.0,
        0.0,
        0.0,
        0.0,
        -9.752938876282267,
        -3.5398992693188465,
        0.0,
        0.0029716257927390327,
        0.0,
        0.0,
        0.0
      ],
      [
        -1.1823359206318855,
        -1.7703995816005944,
        -1.235261664870141,
        -1.2881873860918835,
        -1.1823359206318855,
        -1.2458468037366406,
        -0.6233159040466233,
        -0.8304918580382379,
        -0.3931872144334151,
        -0.5176769154984876,
        0.32915999264961743,
        -0.0743264508612024,
        0.24421546750018264,
        0.2866877200226944,
        -0.1805070957429658,
        -0.5627573782226877,
        -0.13803483746906942,
        0.3079238576869827,
        0.0,
        0.0,
        -0.13751967171018936,
        -0.09552218654642561,
        -0.29041209001310303,
        0.5698727425029696,
        -0.05418952853281722,
        -0.22092998105880446,
        0.0,
        0.0,
        0.0,
        0.0,
        0.5451777549801109,
        -0.39205271852627965,
        1.3249427376827834,
        5.40100429402178,
        0.0,
        0.0,
        0.0,
        0.0,
        0.0,
        0.0,
        -3.4048159915585,
        -1.235261664870141,
        0.0,
        -0.001684675925952353,
        0.0,
        0.0,
        0.0
      ],
      [
        0.0,
        0.0,
        0.0,
        0.0,
        0.0,
        0.0,
        0.0,
        0.0,
        0.0,
        0.0,
        0.0,
        0.0,
        0.0,
        0.0,
        0.0,
        0.0,
        0.0,
        0.0,
        0.0,
        0.0,
        0.0,
        0.0,
        0.0,
        0.0,
        0.0,
        0.0,
        0.0,
        0.0,
        0.0,
        0.0,
        0.0,
        0.0,
        0.0,
        0.0,
        1.0,
        0.0,
        0.0,
        0.0,
        0.0,
        0.0,
        0.0,
        0.0,
        0.0,
        0.0,
        0.0,
        0.0,
        0.0
      ],
      [
        0.0,
        0.0,
        0.0,
        0.0,
        0.0,
        0.0,
        0.0,
        0.0,
        0.0,
        0.0,
        0.0,
        0.0,
        0.0,
        0.0,
        0.0,
        0.0,
        0.0,
        0.0,
        0.0,
        0.0,
        0.0,
        0.0,
        0.0,
        0.0,
        0.0,
        0.0,
        0.0,
        0.0,
        0.0,
        0.0,
        0.0,
        0.0,
        0.0,
        0.0,
        0.0,
        1.0,
        0.0,
        0.0,
        0.0,
        0.0,
        0.0,
        0.0,
        0.0,
        0.0,
        0.0,
        0.0,
        0.0
      ],
      [
        0.0,
        0.0,
        0.0,
        0.0,
        0.0,
        0.0,
        0.0,
        0.0,
        0.0,
        0.0,
        0.0,
        0.0,
        0.0,
        0.0,
        0.0,
        0.0,
        0.0,
        0.0,
        0.0,
        0.0,
        0.0,
        0.0,
        0.0,
        0.0,
        0.0,
        0.0,
        0.0,
        0.0,
        0.0,
        0.0,
        0.0,
        0.0,
        0.0,
        0.0,
        0.0,
        0.0,
        1.0,
        0.0,
        0.0,
        0.0,
        0.0,
        0.0,
        0.0,
        0.0,
        0.0,
        0.0,
        0.0
      ],
      [
        0.0,
        0.0,
        0.0,
        0.0,
        0.0,
        0.0,
        0.0,
        0.0,
        0.0,
        0.0,
        0.0,
        0.0,
        0.0,
        0.0,
        0.0,
        0.0,
        0.0,
        0.0,
        0.0,
        0.0,
        0.0,
        0.0,
        0.0,
        0.0,
        0.0,
        0.0,
        0.0,
        0.0,
        0.0,
        0.0,
        0.0,
        0.0,
        0.0,
        0.0,
        0.0,
        0.0,
        0.0,
        1.0,
        0.0,
        0.0,
        0.0,
        0.0,
        0.0,
        0.0,
        0.0,
        0.0,
        0.0
      ],
      [
        0.0,
        0.0,
        0.0,
        0.0,
        0.0,
        0.0,
        0.0,
        0.0,
        0.0,
        0.0,
        0.0,
        0.0,
        0.0,
        0.0,
        0.0,
        0.0,
        0.0,
        0.0,
        0.0,
        0.0,
        0.0,
        0.0,
        0.0,
        0.0,
        0.0,
        0.0,
        0.0,
        0.0,
        0.0,
        0.0,
        0.0,
        0.0,
        0.0,
        0.0,
        0.0,
        0.0,
        0.0,
        0.0,
        1.0,
        0.0,
        0.0,
        0.0,
        0.0,
        0.0,
        0.0,
        0.0,
        0.0
      ],
      [
        0.0,
        0.0,
        0.0,
        0.0,
        0.0,
        0.0,
        0.0,
        0.0,
        0.0,
        0.0,
        0.0,
        0.0,
        0.0,
        0.0,
        0.0,
        0.0,
        0.0,
        0.0,
        0.0,
        0.0,
        0.0,
        0.0,
        0.0,
        0.0,
        0.0,
        0.0,
        0.0,
        0.0,
        0.0,
        0.0,
        0.0,
        0.0,
        0.0,
        0.0,
        0.0,
        0.0,
        0.0,
        0.0,
        0.0,
        1.0,
        0.0,
        0.0,
        0.0,
        0.0,
        0.0,
        0.0,
        0.0
      ],
      [
        41.7561799287796,
        68.62381351110474,
        44.174266760662164,
        46.59235393583609,
        41.7561799287796,
        44.657884195696944,
        21.228882984988765,
        32.391147248290196,
        12.513377580330696,
        17.378952022493834,
        -11.642292828059153,
        2.628904967970872,
        -8.637830209817706,
        -10.140061486754863,
        6.384483321231597,
        19.904564727843216,
        4.882252081841925,
        -10.891177087675958,
        0.0,
        0.0,
        2.358445091837904,
        3.140201373531878,
        -1.7741127713847362,
        -0.47356490642819393,
        3.459679125942529,
        0.9420167199042124,
        0.0,
        0.0,
        0.0,
        0.0,
        -4.888682771217913,
        -1.0633038238316876,
        -9.752938876282267,
        -3.4048159915585,
        0.0,
        0.0,
        0.0,
        0.0,
        0.0,
        0.0,
        121.24679739618065,
        44.174266760662164,
        0.0,
        0.03426271448673246,
        0.0,
        0.0,
        0.0
      ],
      [
        15.339690297842026,
        25.25718205365285,
        16.23226448570603,
        17.124838797964316,
        15.339690297842026,
        16.41077934886937,
        7.794470725621947,
        11.90355053903129,
        4.598122258998308,
        6.383237063803889,
        -4.277087236428911,
        0.9657939419049555,
        -3.173322805050088,
