{
  "A": [
    [
      [
        7.5,
        11.987562507390976,
        6.993880599737167,
        7.487761288881302,
        6.5,
        7.092656791210175,
        3.187017023563385,
        5.170851856470108,
        1.972245991230011,
        2.669885106384754,
        -4.971636191010475,
        1.6952034831047058,
        -2.5077521950006485,
        1.0665992237627506,
        0.0,
        0.0,
        0.0,
        0.0,
        0.0,
        0.0,
        -0.359784041531384,
        0.3723699850961566,
        0.2996207280084491,
        -0.5917148496955633,
        0.2674831226468086,
        -0.08494441141374409,
        0.0,
        0.0,
        0.0,
        0.0,
        -0.29614283982664347,
        -0.12194117158651352,
        -0.22646217327564955,
        -0.27872267086058855,
        0.017420166928786784,
        0.4877646863460541,
        0.05226050305645913,
        -0.3309831712394953,
        0.0,
        0.0,
        7.3620763421058655,
        6.993880599737167,
        0.0,
        0.011897864751517773,
        0.0,
        0.0,
        0.0
      ],
      [
        11.987562507390976,
        23.157339114342935,
        12.902842357109808,
        13.818122359405677,
        11.987562507390976,
        13.085898457349845,
        5.875848390590917,
        9.509375433890575,
        3.6577809428698957,
        4.932120208447985,
        -9.169975781106233,
        3.1267321844312512,
        -4.625444424863373,
        1.9672978219212096,
        0.0,
        0.0,
        0.0,
        0.0,
        0.0,
        0.0,
        -0.6630605112463764,
        0.6862556539563458,
        0.5521831159355733,
        -1.0904951457294656,
        0.49295542793172553,
        -0.15654747951981432,
        0.0,
        0.0,
        0.0,
        0.0,
        -0.5457092687099854,
        -0.22470382065553884,
        -0.41730709082071227,
        -0.513608719921365,
        0.032100544995085314,
        0.8988152826221554,
        0.09630163915630739,
        -0.6099103542088622,
        0.0,
        0.0,
        13.577438513104365,
        12.902842357109808,
        0.0,
        0.02332806015403477,
        0.0,
        0.0,
        0.0
      ],
      [
        6.993880599737167,
        12.902842357109808,
        8.525687130264597,
        8.057493755884284,
        6.993880599737167,
        7.632048513185012,
        3.429011833954667,
        5.561318953894359,
        2.123944131671492,
        2.8734862561052994,
        -5.349486734350615,
        1.8240410594835392,
        -2.6983444857168397,
        1.1476620933559447,
        0.0,
        0.0,
        0.0,
        0.0,
        0.0,
        0.0,
        -0.3870789223433445,
        0.4006196937800277,
        0.322351341704043,
        -0.636605073933513,
        0.28777562903523135,
        -0.09138868719802287,
        0.0,
        0.0,
        0.0,
        0.0,
        -0.31860381721876296,
        -0.1311898095055688,
        -0.2436382149314137,
        -0.2998624141396996,
        0.018741400883731225,
        0.5247592380222752,
        0.05622420509237819,
        -0.3560866163573122,
        0.0,
        0.0,
        7.921458908128951,
        7.525687130264597,
        0.0,
        0.012926582437027823,
        0.0,
        0.0,
        0.0
      ],
      [
        7.487761288881302,
        13.818122359405677,
        8.057493755884284,
        9.62722632366486,
        7.487761288881302,
        8.171440331389185,
        3.6710066885142254,
        5.951786130524731,
        2.2756422932872207,
        3.0770874400911357,
        -5.7273373458062515,
        1.952878659088051,
        -2.888936810791293,
        1.2287249775624236,
        0.0,
        0.0,
        0.0,
        0.0,
        0.0,
        0.0,
        -0.4143738082202547,
        0.4288694077060302,
        0.34508195961762267,
        -0.6814953065014762,
        0.3080681391892146,
        -0.09783296417812778,
        0.0,
        0.0,
        0.0,
        0.0,
        -0.341064798795777,
        -0.14043844914781595,
        -0.26081425978739115,
        -0.3210021613575349,
        0.02006263508484593,
        0.5617537965912638,
        0.060187907866808055,
        -0.38119006615236417,
        0.0,
        0.0,
        8.480841575416793,
        8.057493755884284,
        0.0,
        0.013955300122537873,
        0.0,
        0.0,
        0.0
      ],
      [
        6.5,
        11.987562507390976,
        6.993880599737167,
        7.487761288881302,
        7.5,
        7.092656791210175,
        3.187017023563385,
        5.170851856470108,
        1.972245991230011,
        2.669885106384754,
        -4.971636191010475,
        1.6952034831047058,
        -2.5077521950006485,
        1.0665992237627506,
        0.0,
        0.0,
        0.0,
        0.0,
        0.0,
        0.0,
        -0.359784041531384,
        0.3723699850961566,
        0.2996207280084491,
        -0.5917148496955633,
        0.2674831226468086,
        -0.08494441141374409,
        0.0,
        0.0,
        0.0,
        0.0,
        -0.29614283982664347,
        -0.12194117158651352,
        -0.22646217327564955,
        -0.27872267086058855,
        0.017420166928786784,
        0.4877646863460541,
        0.05226050305645913,
        -0.3309831712394953,
        0.0,
        0.0,
        7.3620763421058655,
        6.993880599737167,
        0.0,
        0.011897864751517773,
        0.0,
        0.0,
        0.0
      ],
      [
        7.092656791210175,
        13.085898457349845,
        7.632048513185012,
        8.171440331389185,
        7.092656791210175,
        8.739926935452793,
        3.4774108310276413,
        5.639412432881382,
        2.1542837797210845,
        2.9142065146423697,
        -5.425056897691627,
        1.8498085934014243,
        -2.7364629714377786,
        1.1638746790039538,
        0.0,
        0.0,
        0.0,
        0.0,
        0.0,
        0.0,
        -0.3925379024797365,
        0.40626963962982,
        0.32689746775262696,
        -0.645583125316898,
        0.2918341332674047,
        -0.09267754329313335,
        0.0,
        0.0,
        0.0,
        0.0,
        -0.32309601597021964,
        -0.13303953843709926,
        -0.24707342576547398,
        -0.3040903658760232,
        0.01900564786725145,
        0.532158153748397,
        0.05701694607715602,
        -0.36110730903897104,
        0.0,
        0.0,
        8.033335502345373,
        7.632048513185012,
        0.0,
        0.013132326257797033,
        0.0,
        0.0,
        0.0
      ],
      [
        3.187017023563385,
        5.875848390590917,
        3.429011833954667,
        3.6710066885142254,
        3.187017023563385,
        3.4774108310276413,
        2.5627906743522484,
        2.5349369851506918,
        0.9671224778422911,
        1.3091838987377638,
        -2.4376052434492386,
        0.8311623660322807,
        -1.229556963728245,
        0.5229561779157121,
        0.0,
        0.0,
        0.0,
        0.0,
        0.0,
        0.0,
        -0.1764227561740994,
        0.18259436635577003,
        0.14692123201795315,
        -0.29015173716088616,
        0.13116232038081171,
        -0.04165311812950137,
        0.0,
        0.0,
        0.0,
        0.0,
        -0.1452181744533393,
        -0.059795719993475674,
        -0.11104919303994165,
        -0.13667592796282838,
        0.008542245497676773,
        0.2391828799739027,
        0.025626737604571476,
        -0.16230266423892628,
        0.0,
        0.0,
        3.609701943240715,
        3.429011833954667,
        0.0,
        0.005799041563083057,
        0.0,
        0.0,
        0.0
      ],
      [
        5.170851856470108,
        9.509375433890575,
        5.561318953894359,
        5.951786130524731,
        5.170851856470108,
        5.639412432881382,
        2.5349369851506918,
        5.146595494395086,
        1.546254068240089,
        2.113917146217334,
        -3.954427485832565,
        1.3483607771045274,
        -1.9946600711862517,
        0.8483704611023157,
        0.0,
        0.0,
        0.0,
        0.0,
        0.0,
        0.0,
        -0.2864673947981708,
        0.2964885797832002,
        0.2385641369503254,
        -0.4711354363411049,
        0.21297551975921708,
        -0.06763447351721592,
        0.0,
        0.0,
        0.0,
        0.0,
        -0.2358295217527659,
        -0.0971062754693364,
        -0.1803402238021551,
        -0.2219571953759244,
        0.013872324710995275,
        0.3884251018773456,
        0.04161697597627731,
        -0.2635741693654869,
        0.0,
        0.0,
        5.856647095546581,
        5.561318953894359,
        0.0,
        0.008513514350952656,
        0.0,
        0.0,
        0.0
      ],
      [
        1.972245991230011,
        3.6577809428698957,
        2.123944131671492,
        2.2756422932872207,
        1.972245991230011,
        2.1542837797210845,
        0.9671224778422911,
        1.546254068240089,
        1.614137921829037,
        0.8169775086541342,
        -1.5089532834784207,
        0.5145152963797912,
        -0.7611339143966176,
        0.3237261011049818,
        0.0,
        0.0,
        0.0,
        0.0,
        0.0,
        0.0,
        -0.10897341702118268,
        0.1127855185532319,
        0.09075081379078526,
        -0.17922192668796127,
        0.0810167949244184,
        -0.02572844181024104,
        0.0,
        0.0,
        0.0,
        0.0,
        -0.08967105072503401,
        -0.036923374496185796,
        -0.0685719804753539,
        -0.08439628247763481,
        0.005274767654852176,
        0.14769349798474318,
        0.015824303628758987,
        -0.10022058520923832,
        0.0,
        0.0,
        2.233819315822707,
        2.123944131671492,
        0.0,
        0.0043067730217444256,
        0.0,
        0.0,
        0.0
      ],
      [
        2.669885106384754,
        4.932120208447985,
        2.8734862561052994,
        3.0770874400911357,
        2.669885106384754,
        2.9142065146423697,
        1.3091838987377638,
        2.113917146217334,
        0.8169775086541342,
        2.099691650332055,
        -2.042286352213689,
        0.6963685208801997,
        -1.0301534320914558,
        0.43814570374527384,
        0.0,
        0.0,
        0.0,
        0.0,
        0.0,
        0.0,
        -0.14770451381092725,
        0.15287150419770243,
        0.1230052722098749,
        -0.24292059713158082,
        0.1098116092936158,
        -0.03487278907342659,
        0.0,
        0.0,
        0.0,
        0.0,
        -0.12156693168344432,
        -0.05005697278632773,
        -0.0929629484395458,
        -0.11441593492718627,
        0.007150995932949142,
        0.20022789114531092,
        0.02145298872000986,
        -0.13586892250443525,
        0.0,
        0.0,
        3.0239843042855385,
        2.8734862561052994,
        0.0,
        0.005176400921839408,
        0.0,
        0.0,
        0.0
      ],
      [
        -4.971636191010475,
        -9.169975781106233,
        -5.349486734350615,
        -5.7273373458062515,
        -4.971636191010475,
        -5.425056897691627,
        -2.4376052434492386,
        -3.954427485832565,
        -1.5089532834784207,
        -2.042286352213689,
        4.802664757768617,
        -1.2966134879663676,
        1.9181091550071017,
        -0.8158117615681215,
        0.0,
        0.0,
        0.0,
        0.0,
        0.0,
        0.0,
        0.27517671725087917,
        -0.2848029325193664,
        -0.22916149366507127,
        0.4525663484012584,
        -0.20458141305810784,
        0.06496876343499913,
        0.0,
        0.0,
        0.0,
        0.0,
        0.2265000597448052,
        0.09326473220083384,
        0.17320592929617457,
        0.21317652535130172,
        -0.013323532834456357,
        -0.37305892880333535,
        -0.03997060023935316,
        0.25314712354422536,
        0.0,
        0.0,
        -5.631010028214698,
        -5.349486734350615,
        0.0,
        -0.009130577031275788,
        0.0,
        0.0,
        0.0
      ],
      [
        1.6952034831047058,
        3.1267321844312512,
        1.8240410594835392,
        1.952878659088051,
        1.6952034831047058,
        1.8498085934014243,
        0.8311623660322807,
        1.3483607771045274,
        0.5145152963797912,
        0.6963685208801997,
        -1.2966134879663676,
        1.4421127404780312,
        -0.6540272046577587,
        0.2781713879799217,
        0.0,
        0.0,
        0.0,
        0.0,
        0.0,
        0.0,
        -0.09382837190765111,
        0.09711067033499687,
        0.0781383325934362,
        -0.1543137954217499,
        0.06975714043535275,
        -0.022152721926694284,
        0.0,
        0.0,
        0.0,
        0.0,
        -0.07723085025111587,
        -0.031800938924380226,
        -0.059058885914422016,
        -0.0726878585595481,
        0.004542991159971756,
        0.1272037556975209,
        0.013628974071842378,
        -0.0863168319336092,
        0.0,
        0.0,
        1.9200334550800946,
        1.8240410594835392,
        0.0,
        0.003113298234730527,
        0.0,
        0.0,
        0.0
      ],
      [
        -2.5077521950006485,
        -4.625444424863373,
        -2.6983444857168397,
        -2.888936810791293,
        -2.5077521950006485,
        -2.7364629714377786,
        -1.229556963728245,
        -1.9946600711862517,
        -0.7611339143966176,
        -1.0301534320914558,
        1.9181091550071017,
        -0.6540272046577587,
        1.9675169821388518,
        -0.4115051176755614,
        0.0,
        0.0,
        0.0,
        0.0,
        0.0,
        0.0,
        0.13880239625378943,
        -0.14365797327887142,
        -0.11559177232574483,
        0.22827982777573202,
        -0.10319328846256498,
        0.032771013974274184,
        0.0,
        0.0,
        0.0,
        0.0,
        0.11424931352351353,
        0.047043835846687795,
        0.08736712273977235,
        0.10752876492904631,
        -0.0067205478080653944,
        -0.18817534338675118,
        -0.020161644299847115,
        0.12769040819665012,
        0.0,
        0.0,
        -2.8403481702582045,
        -2.6983444857168397,
        0.0,
        -0.004605571385661172,
        0.0,
        0.0,
        0.0
      ],
      [
        1.0665992237627506,
        1.9672978219212096,
        1.1476620933559447,
        1.2287249775624236,
        1.0665992237627506,
        1.1638746790039538,
        0.5229561779157121,
        0.8483704611023157,
        0.3237261011049818,
        0.43814570374527384,
        -0.8158117615681215,
        0.2781713879799217,
        -0.4115051176755614,
        1.1750216947084813,
        0.0,
        0.0,
        0.0,
        0.0,
        0.0,
        0.0,
        -0.05903554921192597,
        0.061100727221478496,
        0.04916358757346703,
        -0.0970921638997013,
        0.04389025423043379,
        -0.013938194587545954,
        0.0,
        0.0,
        0.0,
        0.0,
        -0.04859261189377227,
        -0.02000872291299987,
        -0.03715905642352575,
        -0.04573422264404629,
        0.0028583889152528933,
        0.08003489165199948,
        0.008575167118191259,
        -0.05430938932320299,
        0.0,
        0.0,
        1.2080592171957272,
        1.1476620933559447,
        0.0,
        0.0019588454170321734,
        0.0,
        0.0,
        0.0
      ],
      [
        0.0,
        0.0,
        0.0,
        0.0,
        0.0,
        0.0,
        0.0,
        0.0,
        0.0,
        0.0,
        0.0,
        0.0,
        0.0,
        0.0,
        1.0,
        0.0,
        0.0,
        0.0,
        0.0,
        0.0,
        0.0,
        0.0,
        0.0,
        0.0,
        0.0,
        0.0,
        0.0,
        0.0,
        0.0,
        0.0,
        0.0,
        0.0,
        0.0,
        0.0,
        0.0,
        0.0,
        0.0,
        0.0,
        0.0,
        0.0,
        0.0,
        0.0,
        0.0,
        0.0,
        0.0,
        0.0,
        0.0
      ],
      [
        0.0,
        0.0,
        0.0,
        0.0,
        0.0,
        0.0,
        0.0,
        0.0,
        0.0,
        0.0,
        0.0,
        0.0,
        0.0,
        0.0,
        0.0,
        1.0,
        0.0,
        0.0,
        0.0,
        0.0,
        0.0,
        0.0,
        0.0,
        0.0,
        0.0,
        0.0,
        0.0,
        0.0,
        0.0,
        0.0,
        0.0,
        0.0,
        0.0,
        0.0,
        0.0,
        0.0,
        0.0,
        0.0,
        0.0,
        0.0,
        0.0,
        0.0,
        0.0,
        0.0,
        0.0,
        0.0,
        0.0
      ],
      [
        0.0,
        0.0,
        0.0,
        0.0,
        0.0,
        0.0,
        0.0,
        0.0,
        0.0,
        0.0,
        0.0,
        0.0,
        0.0,
        0.0,
        0.0,
        0.0,
        1.0,
        0.0,
        0.0,
        0.0,
        0.0,
        0.0,
        0.0,
        0.0,
        0.0,
        0.0,
        0.0,
        0.0,
        0.0,
        0.0,
        0.0,
        0.0,
        0.0,
        0.0,
        0.0,
        0.0,
        0.0,
        0.0,
        0.0,
        0.0,
        0.0,
        0.0,
        0.0,
        0.0,
        0.0,
        0.0,
        0.0
      ],
      [
        0.0,
        0.0,
        0.0,
        0.0,
        0.0,
        0.0,
        0.0,
        0.0,
        0.0,
        0.0,
        0.0,
        0.0,
        0.0,
        0.0,
        0.0,
        0.0,
        0.0,
        1.0,
        0.0,
        0.0,
        0.0,
        0.0,
        0.0,
        0.0,
        0.0,
        0.0,
        0.0,
        0.0,
        0.0,
        0.0,
        0.0,
        0.0,
        0.0,
        0.0,
        0.0,
        0.0,
        0.0,
        0.0,
        0.0,
        0.0,
        0.0,
        0.0,
        0.0,
        0.0,
        0.0,
        0.0,
        0.0
      ],
      [
        0.0,
        0.0,
        0.0,
        0.0,
        0.0,
        0.0,
        0.0,
        0.0,
        0.0,
        0.0,
        0.0,
        0.0,
        0.0,
        0.0,
        0.0,
        0.0,
        0.0,
        0.0,
        1.0,
        0.0,
        0.0,
        0.0,
        0.0,
        0.0,
        0.0,
        0.0,
        0.0,
        0.0,
        0.0,
        0.0,
        0.0,
        0.0,
        0.0,
        0.0,
        0.0,
        0.0,
        0.0,
        0.0,
        0.0,
        0.0,
        0.0,
        0.0,
        0.0,
        0.0,
        0.0,
        0.0,
        0.0
      ],
      [
        0.0,
        0.0,
        0.0,
        0.0,
        0.0,
        0.0,
        0.0,
        0.0,
        0.0,
        0.0,
        0.0,
        0.0,
        0.0,
        0.0,
        0.0,
        0.0,
        0.0,
        0.0,
        0.0,
        1.0,
        0.0,
        0.0,
        0.0,
        0.0,
        0.0,
        0.0,
        0.0,
        0.0,
        0.0,
        0.0,
        0.0,
        0.0,
        0.0,
        0.0,
        0.0,
        0.0,
        0.0,
        0.0,
        0.0,
        0.0,
        0.0,
        0.0,
        0.0,
        0.0,
        0.0,
        0.0,
        0.0
      ],
      [
        -0.359784041531384,
        -0.6630605112463764,
        -0.3870789223433445,
        -0.4143738082202547,
        -0.359784041531384,
        -0.3925379024797365,
        -0.1764227561740994,
        -0.2864673947981708,
        -0.10897341702118268,
        -0.14770451381092725,
        0.27517671725087917,
        -0.09382837190765111,
        0.13880239625378943,
        -0.05903554921192597,
        0.0,
        0.0,
        0.0,
        0.0,
        0.0,
        0.0,
        1.0199189769042813,
        -0.020615781348394778,
        -0.016588113068114845,
        0.032759525337396074,
        -0.014808856220032574,
        0.004702837184682904,
        0.0,
        0.0,
        0.0,
        0.0,
        0.01639617333779428,
        0.006751365616494715,
        0.012538250290908316,
        0.015431692447413561,
        -0.0009644807779633476,
        -0.02700546246597886,
        -0.0028934424596899146,
        0.01832513475823241,
        0.0,
        0.0,
        -0.4075011662192979,
        -0.3870789223433445,
        0.0,
        -0.000645482410715284,
        0.0,
        0.0,
        0.0
      ],
      [
        0.3723699850961566,
        0.6862556539563458,
        0.4006196937800277,
        0.4288694077060302,
        0.3723699850961566,
        0.40626963962982,
        0.18259436635577003,
        0.2964885797832002,
        0.1127855185532319,
        0.15287150419770243,
        -0.2848029325193664,
        0.09711067033499687,
        -0.14365797327887142,
        0.061100727221478496,
        0.0,
        0.0,
        0.0,
        0.0,
        0.0,
        0.0,
        -0.020615781348394778,
        1.0213369613633863,
        0.017168397435172178,
        -0.0339055170693942,
        0.015326898731751554,
        -0.004867351550354367,
        0.0,
        0.0,
        0.0,
        0.0,
        -0.016969743280780377,
        -0.006987541479725258,
        -0.012976862603448623,
        -0.015971522978287463,
        0.0009982201861429665,
        0.02795016591890103,
        0.0029946606886294947,
        -0.018966183512838096,
        0.0,
        0.0,
        0.42175634735180434,
        0.4006196937800277,
        0.0,
        0.0006680626744861445,
        0.0,
        0.0,
        0.0
      ],
      [
        0.2996207280084491,
        0.5521831159355733,
        0.322351341704043,
        0.34508195961762267,
        0.2996207280084491,
        0.32689746775262696,
        0.14692123201795315,
        0.2385641369503254,
        0.09075081379078526,
        0.1230052722098749,
        -0.22916149366507127,
        0.0781383325934362,
        -0.11559177232574483,
        0.04916358757346703,
        0.0,
        0.0,
        0.0,
        0.0,
        0.0,
        0.0,
        -0.016588113068114845,
        0.017168397435172178,
        1.0138142383759396,
        -0.027281456922504735,
        0.012332509976180805,
        -0.0039164257951265595,
        0.0,
        0.0,
        0.0,
        0.0,
        -0.013654394927867793,
        -0.005622398015124175,
        -0.010441596197442164,
        -0.012851195138116639,
        0.0008031996961322899,
        0.0224895920604967,
        0.0024095991931604084,
        -0.015260794207300296,
        0.0,
        0.0,
        0.3393585651193137,
        0.322351341704043,
        0.0,
        0.000537544470061678,
        0.0,
        0.0,
        0.0
      ],
      [
        -0.5917148496955633,
        -1.0904951457294656,
        -0.636605073933513,
        -0.6814953065014762,
        -0.5917148496955633,
        -0.645583125316898,
        -0.29015173716088616,
        -0.4711354363411049,
        -0.17922192668796127,
        -0.24292059713158082,
        0.4525663484012584,
        -0.1543137954217499,
        0.22827982777573202,
        -0.0970921638997013,
        0.0,
        0.0,
        0.0,
        0.0,
        0.0,
        0.0,
        0.032759525337396074,
        -0.0339055170693942,
        -0.027281456922504735,
        1.0538775914791523,
        -0.02435522180126414,
        0.007734469227491275,
        0.0,
        0.0,
        0.0,
        0.0,
        0.02696578536505339,
        0.011103558884422549,
        0.020620894841273732,
        0.025379562522510495,
        -0.001586222657656906,
        -0.044414235537690194,
        -0.004758668179866086,
        0.030138230457537427,
        0.0,
        0.0,
        -0.6701922917256053,
        -0.636605073933513,
        0.0,
        -0.0010615855835493723,
        0.0,
        0.0,
        0.0
      ],
      [
        0.2674831226468086,
        0.49295542793172553,
        0.28777562903523135,
        0.3080681391892146,
        0.2674831226468086,
        0.2918341332674047,
        0.13116232038081171,
        0.21297551975921708,
        0.0810167949244184,
        0.1098116092936158,
        -0.20458141305810784,
        0.06975714043535275,
        -0.10319328846256498,
        0.04389025423043379,
        0.0,
        0.0,
        0.0,
        0.0,
        0.0,
        0.0,
        -0.014808856220032574,
        0.015326898731751554,
        0.012332509976180805,
        -0.02435522180126414,
        1.01100971317952,
        -0.003496346224450177,
        0.0,
        0.0,
        0.0,
        0.0,
        -0.012189811488683599,
        -0.005019334234930815,
        -0.009321620618135375,
        -0.011472763675394237,
        0.0007170477297121398,
        0.02007733693972326,
        0.0021511432826629207,
        -0.013623906847378273,
        0.0,
        0.0,
        0.3029586414077956,
        0.28777562903523135,
        0.0,
        0.0004798869396639531,
        0.0,
        0.0,
        0.0
      ],
      [
        -0.08494441141374409,
        -0.15654747951981432,
        -0.09138868719802287,
        -0.09783296417812778,
        -0.08494441141374409,
        -0.09267754329313335,
        -0.04165311812950137,
        -0.06763447351721592,
        -0.02572844181024104,
        -0.03487278907342659,
        0.06496876343499913,
        -0.022152721926694284,
        0.032771013974274184,
        -0.013938194587545954,
        0.0,
        0.0,
        0.0,
        0.0,
        0.0,
        0.0,
        0.004702837184682904,
        -0.004867351550354367,
        -0.0039164257951265595,
        0.007734469227491275,
        -0.003496346224450177,
        1.0011103320061028,
        0.0,
        0.0,
        0.0,
        0.0,
        0.0038711091452665342,
        0.0015939861480243787,
        0.0029602599561993573,
        0.0036433968176235116,
        -0.00022771230110146947,
        -0.006375944592097515,
        -0.000683136933005548,
        0.0043265337154808495,
        0.0,
        0.0,
        -0.09621034487126659,
        -0.09138868719802287,
        0.0,
        -0.00015239732265625097,
        0.0,
        0.0,
        0.0
      ],
      [
        0.0,
        0.0,
        0.0,
        0.0,
        0.0,
        0.0,
        0.0,
        0.0,
        0.0,
        0.0,
        0.0,
        0.0,
        0.0,
        0.0,
        0.0,
        0.0,
        0.0,
        0.0,
        0.0,
        0.0,
        0.0,
        0.0,
        0.0,
        0.0,
        0.0,
        0.0,
        1.0,
        0.0,
        0.0,
        0.0,
        0.0,
        0.0,
        0.0,
        0.0,
        0.0,
        0.0,
        0.0,
        0.0,
        0.0,
        0.0,
        0.0,
        0.0,
        0.0,
        0.0,
        0.0,
        0.0,
        0.0
      ],
      [
        0.0,
        0.0,
        0.0,
        0.0,
        0.0,
        0.0,
        0.0,
        0.0,
        0.0,
        0.0,
        0.0,
        0.0,
        0.0,
        0.0,
        0.0,
        0.0,
        0.0,
        0.0,
        0.0,
        0.0,
        0.0,
        0.0,
        0.0,
        0.0,
        0.0,
        0.0,
        0.0,
        1.0,
        0.0,
        0.0,
        0.0,
        0.0,
        0.0,
        0.0,
        0.0,
        0.0,
        0.0,
        0.0,
        0.0,
        0.0,
        0.0,
        0.0,
        0.0,
        0.0,
        0.0,
        0.0,
        0.0
      ],
      [
        0.0,
        0.0,
        0.0,
        0.0,
        0.0,
        0.0,
        0.0,
        0.0,
        0.0,
        0.0,
        0.0,
        0.0,
        0.0,
        0.0,
        0.0,
        0.0,
        0.0,
        0.0,
        0.0,
        0.0,
        0.0,
        0.0,
        0.0,
        0.0,
        0.0,
        0.0,
        0.0,
        0.0,
        1.0,
        0.0,
        0.0,
        0.0,
        0.0,
        0.0,
        0.0,
        0.0,
        0.0,
        0.0,
        0.0,
        0.0,
        0.0,
        0.0,
        0.0,
        0.0,
        0.0,
        0.0,
        0.0
      ],
      [
        0.0,
        0.0,
        0.0,
        0.0,
        0.0,
        0.0,
        0.0,
        0.0,
        0.0,
        0.0,
        0.0,
        0.0,
        0.0,
        0.0,
        0.0,
        0.0,
        0.0,
        0.0,
        0.0,
        0.0,
        0.0,
        0.0,
        0.0,
        0.0,
        0.0,
        0.0,
        0.0,
        0.0,
        0.0,
        1.0,
        0.0,
        0.0,
        0.0,
        0.0,
        0.0,
        0.0,
        0.0,
        0.0,
        0.0,
        0.0,
        0.0,
        0.0,
        0.0,
        0.0,
        0.0,
        0.0,
        0.0
      ],
      [
        -0.29614283982664347,
        -0.5457092687099854,
        -0.31860381721876296,
        -0.341064798795777,
        -0.29614283982664347,
        -0.32309601597021964,
        -0.1452181744533393,
        -0.2358295217527659,
        -0.08967105072503401,
        -0.12156693168344432,
        0.2265000597448052,
        -0.07723085025111587,
        0.11424931352351353,
        -0.04859261189377227,
        0.0,
        0.0,
        0.0,
        0.0,
        0.0,
        0.0,
        0.01639617333779428,
        -0.016969743280780377,
        -0.013654394927867793,
        0.02696578536505339,
        -0.012189811488683599,
        0.0038711091452665342,
        0.0,
        0.0,
        0.0,
        0.0,
        1.0134964847393895,
        0.005557376171624391,
        0.010320841346606744,
        0.01270257378532302,
        -0.0007939108615826888,
        -0.022229504686497564,
        -0.0023817326883155973,
        0.015084306351007503,
        0.0,
        0.0,
        -0.33541941461104285,
        -0.31860381721876296,
        0.0,
        -0.0005295155358799042,
        0.0,
        0.0,
        0.0
      ],
      [
        -0.12194117158651352,
        -0.22470382065553884,
        -0.1311898095055688,
        -0.14043844914781595,
        -0.12194117158651352,
        -0.13303953843709926,
        -0.059795719993475674,
        -0.0971062754693364,
        -0.036923374496185796,
        -0.05005697278632773,
        0.09326473220083384,
        -0.031800938924380226,
        0.047043835846687795,
        -0.02000872291299987,
        0.0,
        0.0,
        0.0,
        0.0,
        0.0,
        0.0,
        0.006751365616494715,
        -0.006987541479725258,
        -0.005622398015124175,
        0.011103558884422549,
        -0.005019334234930815,
        0.0015939861480243787,
        0.0,
        0.0,
        0.0,
        0.0,
        0.005557376171624391,
        1.002288331406978,
        0.0042497582798989315,
        0.005230471655099314,
        -0.0003269044784437071,
        -0.00915332562791063,
        -0.000980713477976576,
        0.0062111850825807245,
        0.0,
        0.0,
        -0.13811387914857587,
        -0.1311898095055688,
        0.0,
        -0.0002180358075881076,
        0.0,
        0.0,
        0.0
      ],
      [
        -0.22646217327564955,
        -0.41730709082071227,
        -0.2436382149314137,
        -0.26081425978739115,
        -0.22646217327564955,
        -0.24707342576547398,
        -0.11104919303994165,
        -0.1803402238021551,
        -0.0685719804753539,
        -0.0929629484395458,
        0.17320592929617457,
        -0.059058885914422016,
        0.08736712273977235,
        -0.03715905642352575,
        0.0,
        0.0,
        0.0,
        0.0,
        0.0,
        0.0,
        0.012538250290908316,
        -0.012976862603448623,
        -0.010441596197442164,
        0.020620894841273732,
        -0.009321620618135375,
        0.0029602599561993573,
        0.0,
        0.0,
        0.0,
        0.0,
        0.010320841346606744,
        0.0042497582798989315,
        1.0078924081461713,
        0.009713732965538069,
        -0.0006071083103461293,
        -0.016999033119595726,
        -0.0018213250102370885,
        0.011535057881998424,
        0.0,
        0.0,
        -0.25649720126992903,
        -0.2436382149314137,
        0.0,
        -0.0004049236268339855,
        0.0,
        0.0,
        0.0
      ],
      [
        -0.27872267086058855,
        -0.513608719921365,
        -0.2998624141396996,
        -0.3210021613575349,
        -0.27872267086058855,
        -0.3040903658760232,
        -0.13667592796282838,
        -0.2219571953759244,
        -0.08439628247763481,
        -0.11441593492718627,
        0.21317652535130172,
        -0.0726878585595481,
        0.10752876492904631,
        -0.04573422264404629,
        0.0,
        0.0,
        0.0,
        0.0,
        0.0,
        0.0,
        0.015431692447413561,
        -0.015971522978287463,
        -0.012851195138116639,
        0.025379562522510495,
        -0.011472763675394237,
        0.0036433968176235116,
        0.0,
        0.0,
        0.0,
        0.0,
        0.01270257378532302,
        0.005230471655099314,
        0.009713732965538069,
        1.0119553634807341,
        -0.000747210217545876,
        -0.020921886620397255,
        -0.0022416307501129497,
        0.014196994115429441,
        0.0,
        0.0,
        -0.31568885863866136,
        -0.2998624141396996,
        0.0,
        -0.0004983675475376745,
        0.0,
        0.0,
        0.0
      ],
      [
        0.017420166928786784,
        0.032100544995085314,
        0.018741400883731225,
        0.02006263508484593,
        0.017420166928786784,
        0.01900564786725145,
        0.008542245497676773,
        0.013872324710995275,
        0.005274767654852176,
        0.007150995932949142,
        -0.013323532834456357,
        0.004542991159971756,
        -0.0067205478080653944,
        0.0028583889152528933,
        0.0,
        0.0,
        0.0,
        0.0,
        0.0,
        0.0,
        -0.0009644807779633476,
        0.0009982201861429665,
        0.0008031996961322899,
        -0.001586222657656906,
        0.0007170477297121398,
        -0.00022771230110146947,
        0.0,
        0.0,
        0.0,
        0.0,
        -0.0007939108615826888,
        -0.0003269044784437071,
        -0.0006071083103461293,
        -0.000747210217545876,
        1.0000467006385971,
        0.0013076179137748284,
        0.00014010192188205936,
        -0.0008873121322143401,
        0.0,
        0.0,
        0.019730553664916335,
        0.018741400883731225,
        0.0,
        3.1147971721104655e-05,
        0.0,
        0.0,
        0.0
      ],
      [
        0.4877646863460541,
        0.8988152826221554,
        0.5247592380222752,
        0.5617537965912638,
        0.4877646863460541,
        0.532158153748397,
        0.2391828799739027,
        0.3884251018773456,
        0.14769349798474318,
        0.20022789114531092,
        -0.37305892880333535,
        0.1272037556975209,
        -0.18817534338675118,
        0.08003489165199948,
        0.0,
        0.0,
        0.0,
        0.0,
        0.0,
        0.0,
        -0.02700546246597886,
        0.02795016591890103,
        0.0224895920604967,
        -0.044414235537690194,
        0.02007733693972326,
        -0.006375944592097515,
        0.0,
        0.0,
        0.0,
        0.0,
        -0.022229504686497564,
        -0.00915332562791063,
        -0.016999033119595726,
        -0.020921886620397255,
        0.0013076179137748284,
        1.0366133025116429,
        0.003922853911906304,
        -0.024844740330322898,
        0.0,
        0.0,
        0.5524555165943035,
        0.5247592380222752,
        0.0,
        0.0008721432303524304,
        0.0,
        0.0,
        0.0
      ],
      [
        0.05226050305645913,
        0.09630163915630739,
        0.05622420509237819,
        0.060187907866808055,
        0.05226050305645913,
        0.05701694607715602,
        0.025626737604571476,
        0.04161697597627731,
        0.015824303628758987,
        0.02145298872000986,
        -0.03997060023935316,
        0.013628974071842378,
        -0.020161644299847115,
        0.008575167118191259,
        0.0,
        0.0,
        0.0,
        0.0,
        0.0,
        0.0,
        -0.0028934424596899146,
        0.0029946606886294947,
        0.0024095991931604084,
        -0.004758668179866086,
        0.0021511432826629207,
        -0.000683136933005548,
        0.0,
        0.0,
        0.0,
        0.0,
        -0.0023817326883155973,
        -0.000980713477976576,
        -0.0018213250102370885,
        -0.0022416307501129497,
        0.00014010192188205936,
        0.003922853911906304,
        1.0004203057839234,
        -0.002661936512394967,
        0.0,
        0.0,
        0.059191663565924466,
        0.05622420509237819,
        0.0,
        9.344392070368898e-05,
        0.0,
        0.0,
        0.0
      ],
      [
        -0.3309831712394953,
        -0.6099103542088622,
        -0.3560866163573122,
        -0.38119006615236417,
        -0.3309831712394953,
        -0.36110730903897104,
        -0.16230266423892628,
        -0.2635741693654869,
        -0.10022058520923832,
        -0.13586892250443525,
        0.25314712354422536,
        -0.0863168319336092,
        0.12769040819665012,
        -0.05430938932320299,
        0.0,
        0.0,
        0.0,
        0.0,
        0.0,
        0.0,
        0.01832513475823241,
        -0.018966183512838096,
        -0.015260794207300296,
        0.030138230457537427,
        -0.013623906847378273,
        0.0043265337154808495,
        0.0,
        0.0,
        0.0,
        0.0,
        0.015084306351007503,
        0.0062111850825807245,
        0.011535057881998424,
        0.014196994115429441,
        -0.0008873121322143401,
        -0.024844740330322898,
        -0.002661936512394967,
        1.016858930490766,
        0.0,
        0.0,
        -0.37488051917191734,
        -0.3560866163573122,
        0.0,
        -0.0005918114682413635,
        0.0,
        0.0,
        0.0
      ],
      [
        0.0,
        0.0,
        0.0,
        0.0,
        0.0,
        0.0,
        0.0,
        0.0,
        0.0,
        0.0,
        0.0,
        0.0,
        0.0,
        0.0,
        0.0,
        0.0,
        0.0,
        0.0,
        0.0,
        0.0,
        0.0,
        0.0,
        0.0,
        0.0,
        0.0,
        0.0,
        0.0,
        0.0,
        0.0,
        0.0,
        0.0,
        0.0,
        0.0,
        0.0,
        0.0,
        0.0,
        0.0,
        0.0,
        1.0,
        0.0,
        0.0,
        0.0,
        0.0,
        0.0,
        0.0,
        0.0,
        0.0
      ],
      [
        0.0,
        0.0,
        0.0,
        0.0,
        0.0,
        0.0,
        0.0,
        0.0,
        0.0,
        0.0,
        0.0,
        0.0,
        0.0,
        0.0,
        0.0,
        0.0,
        0.0,
        0.0,
        0.0,
        0.0,
        0.0,
        0.0,
        0.0,
        0.0,
        0.0,
        0.0,
        0.0,
        0.0,
        0.0,
        0.0,
        0.0,
        0.0,
        0.0,
        0.0,
        0.0,
        0.0,
        0.0,
        0.0,
        0.0,
        1.0,
        0.0,
        0.0,
        0.0,
        0.0,
        0.0,
        0.0,
        0.0
      ],
      [
        7.3620763421058655,
        13.577438513104365,
        7.921458908128951,
        8.480841575416793,
        7.3620763421058655,
        8.033335502345373,
        3.609701943240715,
        5.856647095546581,
        2.233819315822707,
        3.0239843042855385,
        -5.631010028214698,
        1.9200334550800946,
        -2.8403481702582045,
        1.2080592171957272,
        0.0,
        0.0,
        0.0,
        0.0,
        0.0,
        0.0,
        -0.4075011662192979,
        0.42175634735180434,
        0.3393585651193137,
        -0.6701922917256053,
        0.3029586414077956,
        -0.09621034487126659,
        0.0,
        0.0,
        0.0,
        0.0,
        -0.33541941461104285,
        -0.13811387914857587,
        -0.25649720126992903,
        -0.31568885863866136,
        0.019730553664916335,
        0.5524555165943035,
