{
  "A": [
    [
      [
        369.75,
        400.2466847002506,
        407.6047657430172,
        446.45953196287155,
        368.75,
        415.375718832016,
        221.02056815475225,
        216.07127271592617,
        120.13788817822933,
        180.27027051895857,
        11.51213995181024,
        0.0,
        0.0,
        0.0,
        0.0,
        0.0,
        0.0,
        0.0,
        0.0,
        0.0,
        -1.4110516128512187e-08,
        1.839660706512e-07,
        0.0,
        0.0,
        0.0,
        0.0,
        0.0,
        0.0,
        0.0,
        0.0,
        2.613849572872464e-09,
        2.5923186881708236e-08,
        -1.1583832271608308e-08,
        -1.6824321801174602e-09,
        0.0,
        0.0,
        0.0,
        0.0,
        0.0,
        0.0,
        546.3010597527027,
        407.6047657430172,
        0.0,
        0.056449850875651464,
        29.479999639093876,
        0.0,
        0.0
      ],
      [
        400.2466847002506,
        442.40053313970566,
        441.715737760067,
        483.18479093909264,
        400.2466847002506,
        450.00954845547676,
        238.7358356565237,
        236.90093742311,
        130.11975390464067,
        194.73684212565422,
        12.42047125659883,
        0.0,
        0.0,
        0.0,
        0.0,
        0.0,
        0.0,
        0.0,
        0.0,
        0.0,
        -1.859185488649199e-08,
        2.4239159027400477e-07,
        0.0,
        0.0,
        0.0,
        0.0,
        0.0,
        0.0,
        0.0,
        0.0,
        3.908278952687033e-09,
        3.8479317751034404e-08,
        -1.7148749655718843e-08,
        -2.5002869167428665e-09,
        0.0,
        0.0,
        0.0,
        0.0,
        0.0,
        0.0,
        590.9050551950932,
        441.715737760067,
        0.0,
        0.09303961374098435,
        31.9798343796283,
        0.0,
        0.0
      ],
      [
        407.6047657430172,
        441.715737760067,
        452.0679343342781,
        494.53110337257385,
        407.6047657430172,
        459.7605684399605,
        244.51918321847916,
        238.44595332443714,
        132.77417186647654,
        199.47022246569395,
        12.72212522663176,
        0.0,
        0.0,
        0.0,
        0.0,
        0.0,
        0.0,
        0.0,
        0.0,
        0.0,
        -1.5160344781857695e-08,
        1.9765322765920305e-07,
        0.0,
        0.0,
        0.0,
        0.0,
        0.0,
        0.0,
        0.0,
        0.0,
        2.741201797261115e-09,
        2.7227223418077464e-08,
        -1.2173216761305873e-08,
        -1.7666348683421929e-09,
        0.0,
        0.0,
        0.0,
        0.0,
        0.0,
        0.0,
        604.1499293744564,
        451.0679343342781,
        0.0,
        0.06059130579524208,
        32.58658982999623,
        0.0,
        0.0
      ],
      [
        446.45953196287155,
        483.18479093909264,
        494.53110337257385,
        543.6026755869389,
        446.45953196287155,
        504.14541786909103,
        268.01779882609844,
        260.8206348568201,
        145.41045546531677,
        218.6701744198799,
        13.932110509369522,
        0.0,
        0.0,
        0.0,
        0.0,
        0.0,
        0.0,
        0.0,
        0.0,
        0.0,
        -1.6210173365476615e-08,
        2.1134038548241941e-07,
        0.0,
        0.0,
        0.0,
        0.0,
        0.0,
        0.0,
        0.0,
        0.0,
        2.868554034100535e-09,
        2.853125975062171e-08,
        -1.2762601188534916e-08,
        -1.850837544857542e-09,
        0.0,
        0.0,
        0.0,
        0.0,
        0.0,
        0.0,
        661.9987987279892,
        494.53110337257385,
        0.0,
        0.06473276256292593,
        35.693180156871676,
        0.0,
        0.0
      ],
      [
        368.75,
        400.2466847002506,
        407.6047657430172,
        446.45953196287155,
        369.75,
        415.375718832016,
        221.02056815475225,
        216.07127271592617,
        120.13788817822933,
        180.27027051895857,
        11.51213995181024,
        0.0,
        0.0,
        0.0,
        0.0,
        0.0,
        0.0,
        0.0,
        0.0,
        0.0,
        -1.4110516128512187e-08,
        1.839660706512e-07,
        0.0,
        0.0,
        0.0,
        0.0,
        0.0,
        0.0,
        0.0,
        0.0,
        2.613849572872464e-09,
        2.5923186881708236e-08,
        -1.1583832271608308e-08,
        -1.6824321801174602e-09,
        0.0,
        0.0,
        0.0,
        0.0,
        0.0,
        0.0,
        546.3010597527027,
        407.6047657430172,
        0.0,
        0.056449850875651464,
        29.479999639093876,
        0.0,
        0.0
      ],
      [
        415.375718832016,
        450.00954845547676,
        459.7605684399605,
        504.14541786909103,
        415.375718832016,
        469.63753762841225,
        249.2189062833786,
        242.92088966071606,
        135.30142854899168,
        203.31021265685558,
        12.964122276753187,
        0.0,
        0.0,
        0.0,
        0.0,
        0.0,
        0.0,
        0.0,
        0.0,
        0.0,
        -1.537031048696599e-08,
        2.0039065912497285e-07,
        0.0,
        0.0,
        0.0,
        0.0,
        0.0,
        0.0,
        0.0,
        0.0,
        2.7666722485121567e-09,
        2.7488030490011962e-08,
        -1.2291093591012338e-08,
        -1.7834754055534585e-09,
        0.0,
        0.0,
        0.0,
        0.0,
        0.0,
        0.0,
        615.719701975584,
        459.7605684399605,
        0.0,
        0.06141959590604529,
        33.20790792256594,
        0.0,
        0.0
      ],
      [
        221.02056815475225,
        238.7358356565237,
        244.51918321847916,
        268.01779882609844,
        221.02056815475225,
        249.2189062833786,
        133.69292340427637,
        129.06599950045347,
        72.04717344790697,
        108.23503969982266,
        6.910712478682399,
        0.0,
        0.0,
        0.0,
        0.0,
        0.0,
        0.0,
        0.0,
        0.0,
        0.0,
        -7.863236734601928e-09,
        1.025170699975857e-07,
        0.0,
        0.0,
        0.0,
        0.0,
        0.0,
        0.0,
        0.0,
        0.0,
        1.3718742126414409e-09,
        1.3656015874544152e-08,
        -6.110402492263676e-09,
        -8.857571323541563e-10,
        0.0,
        0.0,
        0.0,
        0.0,
        0.0,
        0.0,
        327.8171593397856,
        244.51918321847916,
        0.0,
        0.028426285905879922,
        17.6716937571764,
        0.0,
        0.0
      ],
      [
        216.07127271592617,
        236.90093742311,
        238.44595332443714,
        260.8206348568201,
        216.07127271592617,
        242.92088966071606,
        129.06599950045347,
        128.54642284661531,
        70.28217543661594,
        105.24794740229845,
        6.721453515579924,
        0.0,
        0.0,
        0.0,
        0.0,
        0.0,
        0.0,
        0.0,
        0.0,
        0.0,
        -9.542839304308491e-09,
        1.244149124455079e-07,
        0.0,
        0.0,
        0.0,
        0.0,
        0.0,
        0.0,
        0.0,
        0.0,
        1.947279530279837e-09,
        1.9206491301529705e-08,
        -8.56522800259032e-09,
        -1.247625094598706e-09,
        0.0,
        0.0,
        0.0,
        0.0,
        0.0,
        0.0,
        319.3223618865013,
        238.44595332443714,
        0.0,
        0.04541651307954453,
        17.27492265123874,
        0.0,
        0.0
      ],
      [
        120.13788817822933,
        130.11975390464067,
        132.77417186647654,
        145.41045546531677,
        120.13788817822933,
        135.30142854899168,
        72.04717344790697,
        70.28217543661594,
        40.180306397378445,
        58.766120959073305,
        3.7563585587777197,
        0.0,
        0.0,
        0.0,
        0.0,
        0.0,
        0.0,
        0.0,
        0.0,
        0.0,
        -4.4187616266274186e-09,
        5.760967274816898e-08,
        0.0,
        0.0,
        0.0,
        0.0,
        0.0,
        0.0,
        0.0,
        0.0,
        7.957417319002018e-10,
        7.905027536422543e-09,
        -3.5345198790209827e-09,
        -5.129035546974636e-10,
        0.0,
        0.0,
        0.0,
        0.0,
        0.0,
        0.0,
        178.0769482254982,
        132.77417186647654,
        0.0,
        0.0160466149354761,
        9.601526823360473,
        0.0,
        0.0
      ],
      [
        180.27027051895857,
        194.73684212565422,
        199.47022246569395,
        218.6701744198799,
        180.27027051895857,
        203.31021265685558,
        108.23503969982266,
        105.24794740229845,
        58.766120959073305,
        89.29143278673291,
        5.635755337774754,
        0.0,
        0.0,
        0.0,
        0.0,
        0.0,
        0.0,
        0.0,
        0.0,
        0.0,
        -6.396194583293849e-09,
        8.33904855535208e-08,
        0.0,
        0.0,
        0.0,
        0.0,
        0.0,
        0.0,
        0.0,
        0.0,
        1.1128036583291935e-09,
        1.1078838919968647e-08,
        -4.957514112376456e-09,
        -7.185785731635835e-10,
        0.0,
        0.0,
        0.0,
        0.0,
        0.0,
        0.0,
        267.3856493383646,
        199.47022246569395,
        0.0,
        0.023010292468825355,
        14.411856011487544,
        0.0,
        0.0
      ],
      [
        11.51213995181024,
        12.42047125659883,
        12.72212522663176,
        13.932110509369522,
        11.51213995181024,
        12.964122276753187,
        6.910712478682399,
        6.721453515579924,
        3.7563585587777197,
        5.635755337774754,
        1.361709324948606,
        0.0,
        0.0,
        0.0,
        0.0,
        0.0,
        0.0,
        0.0,
        0.0,
        0.0,
        -3.834406442897405e-10,
        4.999113309356143e-09,
        0.0,
        0.0,
        0.0,
        0.0,
        0.0,
        0.0,
        0.0,
        0.0,
        6.645792283339132e-11,
        6.614772911433451e-10,
        -2.959686336794046e-10,
        -4.2905432096171543e-11,
        0.0,
        0.0,
        0.0,
        0.0,
        0.0,
        0.0,
        17.081168449483812,
        12.72212522663176,
        0.0,
        0.0013721680925300461,
        0.9204736113897525,
        0.0,
        0.0
      ],
      [
        0.0,
        0.0,
        0.0,
        0.0,
        0.0,
        0.0,
        0.0,
        0.0,
        0.0,
        0.0,
        0.0,
        1.0,
        0.0,
        0.0,
        0.0,
        0.0,
        0.0,
        0.0,
        0.0,
        0.0,
        0.0,
        0.0,
        0.0,
        0.0,
        0.0,
        0.0,
        0.0,
        0.0,
        0.0,
        0.0,
        0.0,
        0.0,
        0.0,
        0.0,
        0.0,
        0.0,
        0.0,
        0.0,
        0.0,
        0.0,
        0.0,
        0.0,
        0.0,
        0.0,
        0.0,
        0.0,
        0.0
      ],
      [
        0.0,
        0.0,
        0.0,
        0.0,
        0.0,
        0.0,
        0.0,
        0.0,
        0.0,
        0.0,
        0.0,
        0.0,
        1.0,
        0.0,
        0.0,
        0.0,
        0.0,
        0.0,
        0.0,
        0.0,
        0.0,
        0.0,
        0.0,
        0.0,
        0.0,
        0.0,
        0.0,
        0.0,
        0.0,
        0.0,
        0.0,
        0.0,
        0.0,
        0.0,
        0.0,
        0.0,
        0.0,
        0.0,
        0.0,
        0.0,
        0.0,
        0.0,
        0.0,
        0.0,
        0.0,
        0.0,
        0.0
      ],
      [
        0.0,
        0.0,
        0.0,
        0.0,
        0.0,
        0.0,
        0.0,
        0.0,
        0.0,
        0.0,
        0.0,
        0.0,
        0.0,
        1.0,
        0.0,
        0.0,
        0.0,
        0.0,
        0.0,
        0.0,
        0.0,
        0.0,
        0.0,
        0.0,
        0.0,
        0.0,
        0.0,
        0.0,
        0.0,
        0.0,
        0.0,
        0.0,
        0.0,
        0.0,
        0.0,
        0.0,
        0.0,
        0.0,
        0.0,
        0.0,
        0.0,
        0.0,
        0.0,
        0.0,
        0.0,
        0.0,
        0.0
      ],
      [
        0.0,
        0.0,
        0.0,
        0.0,
        0.0,
        0.0,
        0.0,
        0.0,
        0.0,
        0.0,
        0.0,
        0.0,
        0.0,
        0.0,
        1.0,
        0.0,
        0.0,
        0.0,
        0.0,
        0.0,
        0.0,
        0.0,
        0.0,
        0.0,
        0.0,
        0.0,
        0.0,
        0.0,
        0.0,
        0.0,
        0.0,
        0.0,
        0.0,
        0.0,
        0.0,
        0.0,
        0.0,
        0.0,
        0.0,
        0.0,
        0.0,
        0.0,
        0.0,
        0.0,
        0.0,
        0.0,
        0.0
      ],
      [
        0.0,
        0.0,
        0.0,
        0.0,
        0.0,
        0.0,
        0.0,
        0.0,
        0.0,
        0.0,
        0.0,
        0.0,
        0.0,
        0.0,
        0.0,
        1.0,
        0.0,
        0.0,
        0.0,
        0.0,
        0.0,
        0.0,
        0.0,
        0.0,
        0.0,
        0.0,
        0.0,
        0.0,
        0.0,
        0.0,
        0.0,
        0.0,
        0.0,
        0.0,
        0.0,
        0.0,
        0.0,
        0.0,
        0.0,
        0.0,
        0.0,
        0.0,
        0.0,
        0.0,
        0.0,
        0.0,
        0.0
      ],
      [
        0.0,
        0.0,
        0.0,
        0.0,
        0.0,
        0.0,
        0.0,
        0.0,
        0.0,
        0.0,
        0.0,
        0.0,
        0.0,
        0.0,
        0.0,
        0.0,
        1.0,
        0.0,
        0.0,
        0.0,
        0.0,
        0.0,
        0.0,
        0.0,
        0.0,
        0.0,
        0.0,
        0.0,
        0.0,
        0.0,
        0.0,
        0.0,
        0.0,
        0.0,
        0.0,
        0.0,
        0.0,
        0.0,
        0.0,
        0.0,
        0.0,
        0.0,
        0.0,
        0.0,
        0.0,
        0.0,
        0.0
      ],
      [
        0.0,
        0.0,
        0.0,
        0.0,
        0.0,
        0.0,
        0.0,
        0.0,
        0.0,
        0.0,
        0.0,
        0.0,
        0.0,
        0.0,
        0.0,
        0.0,
        0.0,
        1.0,
        0.0,
        0.0,
        0.0,
        0.0,
        0.0,
        0.0,
        0.0,
        0.0,
        0.0,
        0.0,
        0.0,
        0.0,
        0.0,
        0.0,
        0.0,
        0.0,
        0.0,
        0.0,
        0.0,
        0.0,
        0.0,
        0.0,
        0.0,
        0.0,
        0.0,
        0.0,
        0.0,
        0.0,
        0.0
      ],
      [
        0.0,
        0.0,
        0.0,
        0.0,
        0.0,
        0.0,
        0.0,
        0.0,
        0.0,
        0.0,
        0.0,
        0.0,
        0.0,
        0.0,
        0.0,
        0.0,
        0.0,
        0.0,
        1.0,
        0.0,
        0.0,
        0.0,
        0.0,
        0.0,
        0.0,
        0.0,
        0.0,
        0.0,
        0.0,
        0.0,
        0.0,
        0.0,
        0.0,
        0.0,
        0.0,
        0.0,
        0.0,
        0.0,
        0.0,
        0.0,
        0.0,
        0.0,
        0.0,
        0.0,
        0.0,
        0.0,
        0.0
      ],
      [
        0.0,
        0.0,
        0.0,
        0.0,
        0.0,
        0.0,
        0.0,
        0.0,
        0.0,
        0.0,
        0.0,
        0.0,
        0.0,
        0.0,
        0.0,
        0.0,
        0.0,
        0.0,
        0.0,
        1.0,
        0.0,
        0.0,
        0.0,
        0.0,
        0.0,
        0.0,
        0.0,
        0.0,
        0.0,
        0.0,
        0.0,
        0.0,
        0.0,
        0.0,
        0.0,
        0.0,
        0.0,
        0.0,
        0.0,
        0.0,
        0.0,
        0.0,
        0.0,
        0.0,
        0.0,
        0.0,
        0.0
      ],
      [
        -1.4110516128512187e-08,
        -1.859185488649199e-08,
        -1.5160344781857695e-08,
        -1.6210173365476615e-08,
        -1.4110516128512187e-08,
        -1.537031048696599e-08,
        -7.863236734601928e-09,
        -9.542839304308491e-09,
        -4.4187616266274186e-09,
        -6.396194583293849e-09,
        -3.834406442897405e-10,
        0.0,
        0.0,
        0.0,
        0.0,
        0.0,
        0.0,
        0.0,
        0.0,
        0.0,
        1.0,
        -4.0185715699273886e-17,
        0.0,
        0.0,
        0.0,
        0.0,
        0.0,
        0.0,
        0.0,
        0.0,
        -8.529893012746541e-19,
        -8.302933367160343e-18,
        3.684683305193874e-18,
        5.405097382675004e-19,
        0.0,
        0.0,
        0.0,
        0.0,
        0.0,
        0.0,
        -1.9529056927248907e-08,
        -1.5160344781857695e-08,
        0.0,
        -1.7528389786187154e-11,
        -1.1250243668335048e-09,
        0.0,
        0.0
      ],
      [
        1.839660706512e-07,
        2.4239159027400477e-07,
        1.9765322765920305e-07,
        2.1134038548241941e-07,
        1.839660706512e-07,
        2.0039065912497285e-07,
        1.025170699975857e-07,
        1.244149124455079e-07,
        5.760967274816898e-08,
        8.33904855535208e-08,
        4.999113309356143e-09,
        0.0,
        0.0,
        0.0,
        0.0,
        0.0,
        0.0,
        0.0,
        0.0,
        0.0,
        -4.0185715699273886e-17,
        1.0,
        0.0,
        0.0,
        0.0,
        0.0,
        0.0,
        0.0,
        0.0,
        0.0,
        1.112086057437303e-17,
        1.0824961623626808e-16,
        -4.803911275340209e-17,
        -7.046903667511923e-18,
        0.0,
        0.0,
        0.0,
        0.0,
        0.0,
        0.0,
        2.5461038079026314e-07,
        1.9765322765920305e-07,
        0.0,
        2.285266488738602e-10,
        1.4667522436278053e-08,
        0.0,
        0.0
      ],
      [
        0.0,
        0.0,
        0.0,
        0.0,
        0.0,
        0.0,
        0.0,
        0.0,
        0.0,
        0.0,
        0.0,
        0.0,
        0.0,
        0.0,
        0.0,
        0.0,
        0.0,
        0.0,
        0.0,
        0.0,
        0.0,
        0.0,
        1.0,
        0.0,
        0.0,
        0.0,
        0.0,
        0.0,
        0.0,
        0.0,
        0.0,
        0.0,
        0.0,
        0.0,
        0.0,
        0.0,
        0.0,
        0.0,
        0.0,
        0.0,
        0.0,
        0.0,
        0.0,
        0.0,
        0.0,
        0.0,
        0.0
      ],
      [
        0.0,
        0.0,
        0.0,
        0.0,
        0.0,
        0.0,
        0.0,
        0.0,
        0.0,
        0.0,
        0.0,
        0.0,
        0.0,
        0.0,
        0.0,
        0.0,
        0.0,
        0.0,
        0.0,
        0.0,
        0.0,
        0.0,
        0.0,
        1.0,
        0.0,
        0.0,
        0.0,
        0.0,
        0.0,
        0.0,
        0.0,
        0.0,
        0.0,
        0.0,
        0.0,
        0.0,
        0.0,
        0.0,
        0.0,
        0.0,
        0.0,
        0.0,
        0.0,
        0.0,
        0.0,
        0.0,
        0.0
      ],
      [
        0.0,
        0.0,
        0.0,
        0.0,
        0.0,
        0.0,
        0.0,
        0.0,
        0.0,
        0.0,
        0.0,
        0.0,
        0.0,
        0.0,
        0.0,
        0.0,
        0.0,
        0.0,
        0.0,
        0.0,
        0.0,
        0.0,
        0.0,
        0.0,
        1.0,
        0.0,
        0.0,
        0.0,
        0.0,
        0.0,
        0.0,
        0.0,
        0.0,
        0.0,
        0.0,
        0.0,
        0.0,
        0.0,
        0.0,
        0.0,
        0.0,
        0.0,
        0.0,
        0.0,
        0.0,
        0.0,
        0.0
      ],
      [
        0.0,
        0.0,
        0.0,
        0.0,
        0.0,
        0.0,
        0.0,
        0.0,
        0.0,
        0.0,
        0.0,
        0.0,
        0.0,
        0.0,
        0.0,
        0.0,
        0.0,
        0.0,
        0.0,
        0.0,
        0.0,
        0.0,
        0.0,
        0.0,
        0.0,
        1.0,
        0.0,
        0.0,
        0.0,
        0.0,
        0.0,
        0.0,
        0.0,
        0.0,
        0.0,
        0.0,
        0.0,
        0.0,
        0.0,
        0.0,
        0.0,
        0.0,
        0.0,
        0.0,
        0.0,
        0.0,
        0.0
      ],
      [
        0.0,
        0.0,
        0.0,
        0.0,
        0.0,
        0.0,
        0.0,
        0.0,
        0.0,
        0.0,
        0.0,
        0.0,
        0.0,
        0.0,
        0.0,
        0.0,
        0.0,
        0.0,
        0.0,
        0.0,
        0.0,
        0.0,
        0.0,
        0.0,
        0.0,
        0.0,
        1.0,
        0.0,
        0.0,
        0.0,
        0.0,
        0.0,
        0.0,
        0.0,
        0.0,
        0.0,
        0.0,
        0.0,
        0.0,
        0.0,
        0.0,
        0.0,
        0.0,
        0.0,
        0.0,
        0.0,
        0.0
      ],
      [
        0.0,
        0.0,
        0.0,
        0.0,
        0.0,
        0.0,
        0.0,
        0.0,
        0.0,
        0.0,
        0.0,
        0.0,
        0.0,
        0.0,
        0.0,
        0.0,
        0.0,
        0.0,
        0.0,
        0.0,
        0.0,
        0.0,
        0.0,
        0.0,
        0.0,
        0.0,
        0.0,
        1.0,
        0.0,
        0.0,
        0.0,
        0.0,
        0.0,
        0.0,
        0.0,
        0.0,
        0.0,
        0.0,
        0.0,
        0.0,
        0.0,
        0.0,
        0.0,
        0.0,
        0.0,
        0.0,
        0.0
      ],
      [
        0.0,
        0.0,
        0.0,
        0.0,
        0.0,
        0.0,
        0.0,
        0.0,
        0.0,
        0.0,
        0.0,
        0.0,
        0.0,
        0.0,
        0.0,
        0.0,
        0.0,
        0.0,
        0.0,
        0.0,
        0.0,
        0.0,
        0.0,
        0.0,
        0.0,
        0.0,
        0.0,
        0.0,
        1.0,
        0.0,
        0.0,
        0.0,
        0.0,
        0.0,
        0.0,
        0.0,
        0.0,
        0.0,
        0.0,
        0.0,
        0.0,
        0.0,
        0.0,
        0.0,
        0.0,
        0.0,
        0.0
      ],
      [
        0.0,
        0.0,
        0.0,
        0.0,
        0.0,
        0.0,
        0.0,
        0.0,
        0.0,
        0.0,
        0.0,
        0.0,
        0.0,
        0.0,
        0.0,
        0.0,
        0.0,
        0.0,
        0.0,
        0.0,
        0.0,
        0.0,
        0.0,
        0.0,
        0.0,
        0.0,
        0.0,
        0.0,
        0.0,
        1.0,
        0.0,
        0.0,
        0.0,
        0.0,
        0.0,
        0.0,
        0.0,
        0.0,
        0.0,
        0.0,
        0.0,
        0.0,
        0.0,
        0.0,
        0.0,
        0.0,
        0.0
      ],
      [
        2.613849572872464e-09,
        3.908278952687033e-09,
        2.741201797261115e-09,
        2.868554034100535e-09,
        2.613849572872464e-09,
        2.7666722485121567e-09,
        1.3718742126414409e-09,
        1.947279530279837e-09,
        7.957417319002018e-10,
        1.1128036583291935e-09,
        6.645792283339132e-11,
        0.0,
        0.0,
        0.0,
        0.0,
        0.0,
        0.0,
        0.0,
        0.0,
        0.0,
        -8.529893012746541e-19,
        1.112086057437303e-17,
        0.0,
        0.0,
        0.0,
        0.0,
        0.0,
        0.0,
        0.0,
        0.0,
        1.0,
        2.6290904297860482e-18,
        -1.161468839002674e-18,
        -1.714900299000852e-19,
        0.0,
        0.0,
        0.0,
        0.0,
        0.0,
        0.0,
        3.498538763807899e-09,
        2.741201797261115e-09,
        0.0,
        4.988512990902785e-12,
        2.0793391863498388e-10,
        0.0,
        0.0
      ],
      [
        2.5923186881708236e-08,
        3.8479317751034404e-08,
        2.7227223418077464e-08,
        2.853125975062171e-08,
        2.5923186881708236e-08,
        2.7488030490011962e-08,
        1.3656015874544152e-08,
        1.9206491301529705e-08,
        7.905027536422543e-09,
        1.1078838919968647e-08,
        6.614772911433451e-10,
        0.0,
        0.0,
        0.0,
        0.0,
        0.0,
        0.0,
        0.0,
        0.0,
        0.0,
        -8.302933367160343e-18,
        1.0824961623626808e-16,
        0.0,
        0.0,
        0.0,
        0.0,
        0.0,
        0.0,
        0.0,
        0.0,
        2.6290904297860482e-18,
        1.0,
        -1.1196682019065131e-17,
        -1.6516574426983612e-18,
        0.0,
        0.0,
        0.0,
        0.0,
        0.0,
        0.0,
        3.472884201689688e-08,
        2.7227223418077464e-08,
        0.0,
        4.87917503414819e-11,
        2.0625474580925243e-09,
        0.0,
        0.0
      ],
      [
        -1.1583832271608308e-08,
        -1.7148749655718843e-08,
        -1.2173216761305873e-08,
        -1.2762601188534916e-08,
        -1.1583832271608308e-08,
        -1.2291093591012338e-08,
        -6.110402492263676e-09,
        -8.56522800259032e-09,
        -3.5345198790209827e-09,
        -4.957514112376456e-09,
        -2.959686336794046e-10,
        0.0,
        0.0,
        0.0,
        0.0,
        0.0,
        0.0,
        0.0,
        0.0,
        0.0,
        3.684683305193874e-18,
        -4.803911275340209e-17,
        0.0,
        0.0,
        0.0,
        0.0,
        0.0,
        0.0,
        0.0,
        0.0,
        -1.161468839002674e-18,
        -1.1196682019065131e-17,
        1.0,
        7.300535456137364e-19,
        0.0,
        0.0,
        0.0,
        0.0,
        0.0,
        0.0,
        -1.552380690312492e-08,
        -1.2173216761305873e-08,
        0.0,
        -2.1691637610468976e-11,
        -9.217085274157346e-10,
        0.0,
        0.0
      ],
      [
        -1.6824321801174602e-09,
        -2.5002869167428665e-09,
        -1.7666348683421929e-09,
        -1.850837544857542e-09,
        -1.6824321801174602e-09,
        -1.7834754055534585e-09,
        -8.857571323541563e-10,
        -1.247625094598706e-09,
        -5.129035546974636e-10,
        -7.185785731635835e-10,
        -4.2905432096171543e-11,
        0.0,
        0.0,
        0.0,
        0.0,
        0.0,
        0.0,
        0.0,
        0.0,
        0.0,
        5.405097382675004e-19,
        -7.046903667511923e-18,
        0.0,
        0.0,
        0.0,
        0.0,
        0.0,
        0.0,
        0.0,
        0.0,
        -1.714900299000852e-19,
        -1.6516574426983612e-18,
        7.300535456137364e-19,
        1.0,
        0.0,
        0.0,
        0.0,
        0.0,
        0.0,
        0.0,
        -2.2535931927004926e-09,
        -1.7666348683421929e-09,
        0.0,
        -3.173776509376796e-12,
        -1.3385718222866036e-10,
        0.0,
        0.0
      ],
      [
        0.0,
        0.0,
        0.0,
        0.0,
        0.0,
        0.0,
        0.0,
        0.0,
        0.0,
        0.0,
        0.0,
        0.0,
        0.0,
        0.0,
        0.0,
        0.0,
        0.0,
        0.0,
        0.0,
        0.0,
        0.0,
        0.0,
        0.0,
        0.0,
        0.0,
        0.0,
        0.0,
        0.0,
        0.0,
        0.0,
        0.0,
        0.0,
        0.0,
        0.0,
        1.0,
        0.0,
        0.0,
        0.0,
        0.0,
        0.0,
        0.0,
        0.0,
        0.0,
        0.0,
        0.0,
        0.0,
        0.0
      ],
      [
        0.0,
        0.0,
        0.0,
        0.0,
        0.0,
        0.0,
        0.0,
        0.0,
        0.0,
        0.0,
        0.0,
        0.0,
        0.0,
        0.0,
        0.0,
        0.0,
        0.0,
        0.0,
        0.0,
        0.0,
        0.0,
        0.0,
        0.0,
        0.0,
        0.0,
        0.0,
        0.0,
        0.0,
        0.0,
        0.0,
        0.0,
        0.0,
        0.0,
        0.0,
        0.0,
        1.0,
        0.0,
        0.0,
        0.0,
        0.0,
        0.0,
        0.0,
        0.0,
        0.0,
        0.0,
        0.0,
        0.0
      ],
      [
        0.0,
        0.0,
        0.0,
        0.0,
        0.0,
        0.0,
        0.0,
        0.0,
        0.0,
        0.0,
        0.0,
        0.0,
        0.0,
        0.0,
        0.0,
        0.0,
        0.0,
        0.0,
        0.0,
        0.0,
        0.0,
        0.0,
        0.0,
        0.0,
        0.0,
        0.0,
        0.0,
        0.0,
        0.0,
        0.0,
        0.0,
        0.0,
        0.0,
        0.0,
        0.0,
        0.0,
        1.0,
        0.0,
        0.0,
        0.0,
        0.0,
        0.0,
        0.0,
        0.0,
        0.0,
        0.0,
        0.0
      ],
      [
        0.0,
        0.0,
        0.0,
        0.0,
        0.0,
        0.0,
        0.0,
        0.0,
        0.0,
        0.0,
        0.0,
        0.0,
        0.0,
        0.0,
        0.0,
        0.0,
        0.0,
        0.0,
        0.0,
        0.0,
        0.0,
        0.0,
        0.0,
        0.0,
        0.0,
        0.0,
        0.0,
        0.0,
        0.0,
        0.0,
        0.0,
        0.0,
        0.0,
        0.0,
        0.0,
        0.0,
        0.0,
        1.0,
        0.0,
        0.0,
        0.0,
        0.0,
        0.0,
        0.0,
        0.0,
        0.0,
        0.0
      ],
      [
        0.0,
        0.0,
        0.0,
        0.0,
        0.0,
        0.0,
        0.0,
        0.0,
        0.0,
        0.0,
        0.0,
        0.0,
        0.0,
        0.0,
        0.0,
        0.0,
        0.0,
        0.0,
        0.0,
        0.0,
        0.0,
        0.0,
        0.0,
        0.0,
        0.0,
        0.0,
        0.0,
        0.0,
        0.0,
        0.0,
        0.0,
        0.0,
        0.0,
        0.0,
        0.0,
        0.0,
        0.0,
        0.0,
        1.0,
        0.0,
        0.0,
        0.0,
        0.0,
        0.0,
        0.0,
        0.0,
        0.0
      ],
      [
        0.0,
        0.0,
        0.0,
        0.0,
        0.0,
        0.0,
        0.0,
        0.0,
        0.0,
        0.0,
        0.0,
        0.0,
        0.0,
        0.0,
        0.0,
        0.0,
        0.0,
        0.0,
        0.0,
        0.0,
        0.0,
        0.0,
        0.0,
        0.0,
        0.0,
        0.0,
        0.0,
        0.0,
        0.0,
        0.0,
        0.0,
        0.0,
        0.0,
        0.0,
        0.0,
        0.0,
        0.0,
        0.0,
        0.0,
        1.0,
        0.0,
        0.0,
        0.0,
        0.0,
        0.0,
        0.0,
        0.0
      ],
      [
        546.3010597527027,
        590.9050551950932,
        604.1499293744564,
        661.9987987279892,
        546.3010597527027,
        615.719701975584,
        327.8171593397856,
        319.3223618865013,
        178.0769482254982,
        267.3856493383646,
        17.081168449483812,
        0.0,
        0.0,
        0.0,
        0.0,
        0.0,
        0.0,
        0.0,
        0.0,
        0.0,
        -1.9529056927248907e-08,
        2.5461038079026314e-07,
        0.0,
        0.0,
        0.0,
        0.0,
        0.0,
        0.0,
        0.0,
        0.0,
        3.498538763807899e-09,
        3.472884201689688e-08,
        -1.552380690312492e-08,
        -2.2535931927004926e-09,
        0.0,
        0.0,
        0.0,
        0.0,
        0.0,
        0.0,
        811.3598352968693,
        604.1499293744564,
        0.0,
        0.07288822261034511,
        43.677632028236985,
        0.0,
        0.0
      ],
      [
        407.6047657430172,
        441.715737760067,
        451.0679343342781,
        494.53110337257385,
        407.6047657430172,
        459.7605684399605,
        244.51918321847916,
        238.44595332443714,
        132.77417186647654,
        199.47022246569395,
        12.72212522663176,
        0.0,
        0.0,
        0.0,
        0.0,
        0.0,
        0.0,
        0.0,
        0.0,
        0.0,
        -1.5160344781857695e-08,
        1.9765322765920305e-07,
        0.0,
        0.0,
        0.0,
        0.0,
        0.0,
        0.0,
        0.0,
        0.0,
        2.741201797261115e-09,
        2.7227223418077464e-08,
        -1.2173216761305873e-08,
        -1.7666348683421929e-09,
        0.0,
        0.0,
        0.0,
        0.0,
        0.0,
        0.0,
        604.1499293744564,
        452.0679343342781,
        0.0,
        0.06059130579524208,
        32.58658982999623,
        0.0,
        0.0
      ],
      [
        0.0,
        0.0,
        0.0,
        0.0,
        0.0,
        0.0,
        0.0,
        0.0,
        0.0,
        0.0,
        0.0,
        0.0,
        0.0,
        0.0,
        0.0,
        0.0,
        0.0,
        0.0,
        0.0,
        0.0,
        0.0,
        0.0,
        0.0,
        0.0,
        0.0,
        0.0,
        0.0,
        0.0,
        0.0,
        0.0,
        0.0,
        0.0,
        0.0,
        0.0,
        0.0,
        0.0,
        0.0,
        0.0,
        0.0,
        0.0,
        0.0,
        0.0,
        1.0,
        0.0,
        0.0,
        0.0,
        0.0
      ],
      [
        0.056449850875651464,
        0.09303961374098435,
        0.06059130579524208,
        0.06473276256292593,
        0.056449850875651464,
        0.06141959590604529,
        0.028426285905879922,
        0.04541651307954453,
        0.0160466149354761,
        0.023010292468825355,
        0.0013721680925300461,
        0.0,
        0.0,
        0.0,
        0.0,
        0.0,
        0.0,
        0.0,
        0.0,
        0.0,
        -1.7528389786187154e-11,
        2.285266488738602e-10,
        0.0,
        0.0,
        0.0,
        0.0,
        0.0,
        0.0,
        0.0,
        0.0,
        4.988512990902785e-12,
        4.87917503414819e-11,
        -2.1691637610468976e-11,
        -3.173776509376796e-12,
        0.0,
        0.0,
        0.0,
        0.0,
        0.0,
        0.0,
        0.07288822261034511,
        0.06059130579524208,
        0.0,
        1.017281823581996,
        0.004515987982813385,
        0.0,
        0.0
      ],
      [
        29.479999639093876,
        31.9798343796283,
        32.58658982999623,
        35.693180156871676,
        29.479999639093876,
        33.20790792256594,
        17.6716937571764,
        17.27492265123874,
        9.601526823360473,
        14.411856011487544,
        0.9204736113897525,
        0.0,
        0.0,
        0.0,
        0.0,
        0.0,
        0.0,
        0.0,
        0.0,
        0.0,
        -1.1250243668335048e-09,
        1.4667522436278053e-08,
        0.0,
        0.0,
        0.0,
        0.0,
        0.0,
        0.0,
        0.0,
        0.0,
        2.0793391863498388e-10,
        2.0625474580925243e-09,
        -9.217085274157346e-10,
        -1.3385718222866036e-10,
        0.0,
        0.0,
        0.0,
        0.0,
        0.0,
        0.0,
        43.677632028236985,
        32.58658982999623,
        0.0,
        0.004515987982813385,
        3.3583999689435586,
        0.0,
        0.0
      ],
      [
        0.0,
        0.0,
        0.0,
        0.0,
        0.0,
        0.0,
        0.0,
        0.0,
        0.0,
        0.0,
        0.0,
        0.0,
        0.0,
        0.0,
        0.0,
        0.0,
        0.0,
        0.0,
        0.0,
        0.0,
        0.0,
        0.0,
        0.0,
        0.0,
        0.0,
        0.0,
        0.0,
        0.0,
        0.0,
        0.0,
        0.0,
        0.0,
        0.0,
        0.0,
        0.0,
        0.0,
        0.0,
        0.0,
        0.0,
        0.0,
        0.0,
        0.0,
        0.0,
        0.0,
        0.0,
        1.0,
        0.0
      ],
      [
        0.0,
        0.0,
        0.0,
        0.0,
        0.0,
        0.0,
        0.0,
        0.0,
        0.0,
        0.0,
        0.0,
        0.0,
        0.0,
        0.0,
        0.0,
        0.0,
        0.0,
        0.0,
        0.0,
        0.0,
        0.0,
        0.0,
        0.0,
        0.0,
        0.0,
        0.0,
        0.0,
        0.0,
        0.0,
        0.0,
        0.0,
        0.0,
        0.0,
        0.0,
        0.0,
        0.0,
        0.0,
        0.0,
        0.0,
        0.0,
        0.0,
        0.0,
        0.0,
        0.0,
        0.0,
        0.0,
        1.0
      ]
    ],
    [
      [
        369.0,
        398.59697648882866,
        406.75573125481606,
        445.5114634037018,
        368.0,
        414.50687849521637,
        220.54767290502787,
        215.67928025126457,
        119.9170470610261,
        179.85600022226572,
        11.487768481951207,
        0.0,
        0.0,
        0.0,
        0.0,
        0.0,
        0.0,
        0.0,
        0.0,
        0.0,
        -1.4024668156912438e-08,
        1.8284682720306927e-07,
        0.0,
        0.0,
        0.0,
        0.0,
        0.0,
        0.0,
        0.0,
        0.0,
        2.560812079222937e-09,
        2.5415941810035397e-08,
        -1.1360221840255325e-08,
        -1.6493148270735336e-09,
        0.0,
        0.0,
        0.0,
        0.0,
        0.0,
        0.0,
        545.2506036162376,
        406.75573125481606,
        0.0,
        0.04383513971697539,
        29.439999606460333,
        0.0,
        0.0
      ],
      [
        398.59697648882866,
        439.358451128006,
        439.88786908984184,
        481.17876198887825,
        398.59697648882866,
        448.1460484266281,
        237.77458353340626,
        235.9009881913662,
        129.604885622859,
        193.91349609941244,
        12.370322695933282,
        0.0,
        0.0,
        0.0,
        0.0,
        0.0,
        0.0,
        0.0,
        0.0,
        0.0,
        -1.838036013266666e-08,
        2.3963422631696954e-07,
        0.0,
        0.0,
        0.0,
        0.0,
        0.0,
        0.0,
        0.0,
        0.0,
        3.813338961600795e-09,
        3.756883324703337e-08,
        -1.674695785335151e-08,
        -2.44086965786941e-09,
        0.0,
        0.0,
        0.0,
        0.0,
        0.0,
        0.0,
        588.596792370081,
        439.88786908984184,
        0.0,
        0.04569914913736284,
        31.88775770366192,
        0.0,
        0.0
      ],
      [
        406.75573125481606,
        439.88786908984184,
        451.1087130308151,
        493.4616938829422,
        406.75573125481606,
        458.77930906414986,
        243.98028269410133,
        238.00792489945889,
        132.52471797913313,
        198.9985374957323,
        12.694511583540589,
        0.0,
        0.0,
        0.0,
        0.0,
        0.0,
        0.0,
        0.0,
        0.0,
        0.0,
        -1.507084347872754e-08,
        1.9648635397909098e-07,
        0.0,
        0.0,
        0.0,
        0.0,
        0.0,
        0.0,
        0.0,
        0.0,
        2.6849373035105434e-09,
        2.6689103796499436e-08,
        -1.1935993817100983e-08,
        -1.7315018772078028e-09,
        0.0,
        0.0,
        0.0,
        0.0,
        0.0,
        0.0,
        602.9547520577908,
        450.1087130308151,
        0.0,
        0.04790375183802098,
        32.54045804217458,
        0.0,
        0.0
      ],
      [
        445.5114634037018,
        481.17876198887825,
        493.4616938829422,
        542.4119265675545,
        445.5114634037018,
        503.0517418384552,
        267.4128929823637,
        260.3365705162287,
        145.13238883763552,
        218.14107510447502,
        13.901254686061293,
        0.0,
        0.0,
        0.0,
        0.0,
        0.0,
        0.0,
        0.0,
        0.0,
